106
1
251
0 1 0
1 2 1
2 3 2
2 4 3
2 5 4
3 6 5
4 6 5
5 6 5
6 7 0
7 8 0
7 9 0
8 10 0
9 11 0
10 12 0
11 13 0
12 14 6
13 15 6
14 16 0
15 17 0
16 18 0
17 19 0
18 20 7
19 21 7
20 22 8
20 23 0
20 24 0
21 25 8
21 26 0
21 27 0
22 22 8
22 23 0
22 24 0
23 28 8
23 29 0
23 30 0
24 31 0
24 32 8
25 25 8
25 26 0
25 27 0
26 33 8
26 34 0
26 35 0
27 36 0
27 37 8
28 28 8
28 29 0
28 30 0
29 38 0
29 39 8
30 40 0
30 41 8
31 42 0
31 43 8
32 31 0
32 32 8
33 33 8
33 34 0
33 35 0
34 44 0
34 45 8
35 46 0
35 47 8
36 48 0
36 49 8
37 36 0
37 37 8
38 50 0
38 51 8
39 38 0
39 39 8
40 52 0
40 53 8
41 40 0
41 41 8
42 54 8
42 55 0
42 56 0
42 56 0
43 42 0
43 43 8
44 57 0
44 58 8
45 44 0
45 45 8
46 59 0
46 60 8
47 46 0
47 47 8
48 61 8
48 62 0
48 63 0
48 63 0
49 48 0
49 49 8
50 64 8
50 65 0
50 66 0
50 66 0
51 50 0
51 51 8
52 67 8
52 68 0
52 69 0
52 69 0
53 52 0
53 53 8
54 54 8
54 55 0
54 56 0
54 56 0
55 70 8
55 71 9
56 70 8
56 71 9
57 72 8
57 73 0
57 74 0
57 74 0
58 57 0
58 58 8
59 75 8
59 76 0
59 77 0
59 77 0
60 59 0
60 60 8
61 61 8
61 62 0
61 63 0
61 63 0
62 78 8
62 79 9
63 78 8
63 79 9
64 64 8
64 65 0
64 66 0
64 66 0
65 80 8
65 81 9
66 80 8
66 81 9
67 67 8
67 68 0
67 69 0
67 69 0
68 82 8
68 83 9
69 82 8
69 83 9
70 70 8
70 71 9
71 84 8
71 85 10
71 86 11
72 72 8
72 73 0
72 74 0
72 74 0
73 87 8
73 88 9
74 87 8
74 88 9
75 75 8
75 76 0
75 77 0
75 77 0
76 89 8
76 90 9
77 89 8
77 90 9
78 78 8
78 79 9
79 91 8
79 92 10
79 93 11
80 80 8
80 81 9
81 94 8
81 95 10
81 96 11
82 82 8
82 83 9
83 97 8
83 98 10
83 99 11
84 84 8
84 85 10
84 86 11
85 84 8
85 85 10
85 86 11
86 84 8
86 85 10
86 86 11
87 87 8
87 88 9
88 100 8
88 101 10
88 102 11
89 89 8
89 90 9
90 103 8
90 104 10
90 105 11
91 91 8
91 92 10
91 93 11
92 91 8
92 92 10
92 93 11
93 91 8
93 92 10
93 93 11
94 94 8
94 95 10
94 96 11
95 94 8
95 95 10
95 96 11
96 94 8
96 95 10
96 96 11
97 97 8
97 98 10
97 99 11
98 97 8
98 98 10
98 99 11
99 97 8
99 98 10
99 99 11
100 100 8
100 101 10
100 102 11
101 100 8
101 101 10
101 102 11
102 100 8
102 101 10
102 102 11
103 103 8
103 104 10
103 105 11
104 103 8
104 104 10
104 105 11
105 103 8
105 104 10
105 105 11
14
1 0
1 1
1 2
1 3
1 4
1 5
8 6 7 8 9 10 11 12 13
6 14 15 16 17 18 19
34 20 21 23 24 26 27 29 30 31 34 35 36 38 40 42 44 46 48 50 52 55 56 57 59 62 63 65 66 68 69 73 74 76 77
17 32 64 97 67 70 39 41 43 80 82 51 84 53 22 54 28 94
17 89 33 100 37 103 72 75 45 78 47 49 87 25 58 91 60 61
6 71 79 81 83 88 90
6 98 101 104 85 92 95
6 96 99 102 105 86 93
6
85
92
95
98
101
104
0
