86
1
173
0 1 0
1 2 1
2 3 2
2 4 3
2 5 4
3 6 5
4 6 5
5 6 5
6 7 0
7 8 0
7 9 0
8 10 0
9 11 0
10 12 0
11 13 0
12 14 6
13 15 6
14 16 0
15 17 0
16 18 0
17 19 0
18 20 7
19 21 7
20 22 8
20 23 0
20 24 0
21 25 8
21 26 0
21 27 0
22 22 8
22 23 0
22 24 0
23 28 8
23 29 0
23 30 0
24 31 0
24 32 8
25 25 8
25 26 0
25 27 0
26 33 8
26 34 0
26 35 0
27 36 0
27 37 8
28 28 8
28 29 0
28 30 0
29 38 0
29 39 8
30 40 0
30 41 8
31 42 0
31 43 8
32 31 0
32 32 8
33 33 8
33 34 0
33 35 0
34 44 0
34 45 8
35 46 0
35 47 8
36 48 0
36 49 8
37 36 0
37 37 8
38 50 0
38 51 8
39 38 0
39 39 8
40 52 0
40 53 8
41 40 0
41 41 8
42 54 8
42 55 0
42 55 0
43 42 0
43 43 8
44 56 0
44 57 8
45 44 0
45 45 8
46 58 0
46 59 8
47 46 0
47 47 8
48 60 8
48 61 0
48 61 0
49 48 0
49 49 8
50 62 8
50 63 0
50 63 0
51 50 0
51 51 8
52 64 8
52 65 0
52 65 0
53 52 0
53 53 8
54 54 8
54 55 0
54 55 0
55 66 8
55 67 9
56 68 8
56 69 0
56 69 0
57 56 0
57 57 8
58 70 8
58 71 0
58 71 0
59 58 0
59 59 8
60 60 8
60 61 0
60 61 0
61 72 8
61 73 9
62 62 8
62 63 0
62 63 0
63 74 8
63 67 9
64 64 8
64 65 0
64 65 0
65 75 8
65 67 9
66 66 8
66 67 9
67 76 8
67 77 10
67 78 11
68 68 8
68 69 0
68 69 0
69 79 8
69 73 9
70 70 8
70 71 0
70 71 0
71 80 8
71 73 9
72 72 8
72 73 9
73 81 8
73 82 10
73 83 11
74 74 8
74 67 9
75 75 8
75 67 9
76 76 8
76 77 10
76 78 11
77 84 8
78 84 8
79 79 8
79 73 9
80 80 8
80 73 9
81 81 8
81 82 10
81 83 11
82 85 8
83 85 8
84 84 8
85 85 8
39
1 0
1 1
1 2
1 3
1 4
1 5
1 6
1 7
2 8 9
2 10 11
2 12 13
2 14 15
2 16 17
2 18 19
2 20 21
1 22
2 26 23
6 34 35 24 27 29 30
1 25
1 28
6 36 38 40 44 46 31
3 32 41 39
1 33
3 45 37 47
6 42 48 50 52 56 58
3 51 43 53
3 49 59 57
3 62 64 54
6 65 69 71 55 61 63
3 60 70 68
3 66 75 74
2 73 67
3 72 80 79
1 76
2 82 77
2 83 78
1 81
1 84
1 85
66
20
21
22
23
24
25
26
27
28
29
30
31
32
33
34
35
36
37
38
39
40
41
42
43
44
45
46
47
48
49
50
51
52
53
54
55
56
57
58
59
60
61
62
63
64
65
66
67
68
69
70
71
72
73
74
75
76
77
78
79
80
81
82
83
84
85
0
