64
1
101
0 1 0
1 2 1
2 3 2
2 4 3
2 5 4
3 6 5
4 6 5
5 6 5
6 7 0
7 8 0
7 9 0
8 37 0
9 10 0
10 11 0
11 12 6
12 13 0
13 14 0
14 15 7
15 16 0
15 17 0
16 27 0
16 28 0
17 18 0
18 19 0
19 20 0
19 20 0
20 21 8
20 22 9
21 21 8
21 22 9
22 23 10
22 24 8
22 25 11
23 26 8
24 23 10
24 24 8
24 25 11
25 26 8
26 26 8
27 33 0
28 29 0
29 30 0
30 31 0
30 31 0
31 32 8
31 22 9
32 32 8
32 22 9
33 34 0
34 35 0
34 35 0
35 22 9
35 36 8
35 22 9
36 22 9
36 36 8
36 22 9
37 38 0
38 39 6
39 40 0
40 41 0
41 42 7
42 43 0
42 44 0
43 54 0
43 55 0
44 45 0
45 46 0
46 47 0
46 47 0
47 48 8
47 49 9
48 48 8
48 49 9
49 50 10
49 51 8
49 52 11
50 53 8
51 50 10
51 51 8
51 52 11
52 53 8
53 53 8
54 60 0
55 56 0
56 57 0
57 58 0
57 58 0
58 59 8
58 49 9
59 59 8
59 49 9
60 61 0
61 62 0
61 62 0
62 49 9
62 63 8
62 49 9
63 49 9
63 63 8
63 49 9
29
1 0
1 1
1 2
1 3
1 4
1 5
1 6
1 7
2 8 9
2 10 37
2 11 38
2 12 39
2 40 13
2 41 14
2 42 15
2 16 43
6 44 17 54 55 27 28
6 33 45 18 56 60 29
6 34 46 19 57 61 30
6 35 47 20 58 62 31
3 32 36 21
2 49 22
2 50 23
1 24
2 25 52
1 26
3 48 59 63
1 51
1 53
44
15
16
17
18
19
20
21
22
23
24
25
26
27
28
29
30
31
32
33
34
35
36
42
43
44
45
46
47
48
49
50
51
52
53
54
55
56
57
58
59
60
61
62
63
0
