90
1
205
0 1 0
1 2 1
2 3 2
2 4 3
2 5 4
3 6 5
4 6 5
5 6 5
6 7 0
7 8 0
7 9 0
8 50 0
9 10 0
10 11 0
11 12 6
12 13 0
13 14 0
14 15 7
15 16 0
15 17 0
16 28 0
16 29 0
17 18 0
18 19 0
19 20 0
19 21 0
19 20 0
19 22 8
20 23 8
20 24 9
21 23 8
21 24 9
22 20 0
22 21 0
22 20 0
22 22 8
23 23 8
23 24 9
24 25 10
24 26 8
24 27 11
25 25 10
25 26 8
25 27 11
26 25 10
26 26 8
26 27 11
27 25 10
27 26 8
27 27 11
28 40 0
29 30 0
30 31 0
31 32 0
31 33 0
31 32 0
31 34 8
32 35 8
32 36 9
33 35 8
33 36 9
34 32 0
34 33 0
34 32 0
34 34 8
35 35 8
35 36 9
36 37 10
36 38 8
36 39 11
37 37 10
37 38 8
37 39 11
38 37 10
38 38 8
38 39 11
39 37 10
39 38 8
39 39 11
40 41 0
41 42 0
41 43 0
41 42 0
41 44 8
42 45 9
42 46 8
42 45 9
43 45 9
43 46 8
43 45 9
44 42 0
44 43 0
44 42 0
44 44 8
45 47 10
45 48 8
45 49 11
46 45 9
46 46 8
46 45 9
47 47 10
47 48 8
47 49 11
48 47 10
48 48 8
48 49 11
49 47 10
49 48 8
49 49 11
50 51 0
51 52 6
52 53 0
53 54 0
54 55 7
55 56 0
55 57 0
56 68 0
56 69 0
57 58 0
58 59 0
59 60 0
59 61 0
59 60 0
59 62 8
60 63 8
60 64 9
61 63 8
61 64 9
62 60 0
62 61 0
62 60 0
62 62 8
63 63 8
63 64 9
64 65 10
64 66 8
64 67 11
65 65 10
65 66 8
65 67 11
66 65 10
66 66 8
66 67 11
67 65 10
67 66 8
67 67 11
68 80 0
69 70 0
70 71 0
71 72 0
71 73 0
71 72 0
71 74 8
72 75 8
72 76 9
73 75 8
73 76 9
74 72 0
74 73 0
74 72 0
74 74 8
75 75 8
75 76 9
76 77 10
76 78 8
76 79 11
77 77 10
77 78 8
77 79 11
78 77 10
78 78 8
78 79 11
79 77 10
79 78 8
79 79 11
80 81 0
81 82 0
81 83 0
81 82 0
81 84 8
82 85 9
82 86 8
82 85 9
83 85 9
83 86 8
83 85 9
84 82 0
84 83 0
84 82 0
84 84 8
85 87 10
85 88 8
85 89 11
86 85 9
86 86 8
86 85 9
87 87 10
87 88 8
87 89 11
88 87 10
88 88 8
88 89 11
89 87 10
89 88 8
89 89 11
13
1 0
1 1
1 2
1 3
1 4
1 5
8 6 7 8 9 10 11 50 51
6 12 13 14 52 53 54
40 15 16 17 18 19 20 21 25 28 29 30 31 32 33 37 40 41 42 43 47 55 56 57 58 59 60 61 65 68 69 70 71 72 73 77 80 81 82 83 87
9 34 35 38 44 46 48 22 23 26
6 64 36 76 45 85 24
6 67 39 79 49 89 27
9 66 74 75 78 84 86 88 62 63
6
27
39
49
67
79
89
0
