29
5
41
0 1 0 1 2 0 0
1 2 0 3 0 0 3
2 3 0 0 0 4 5
2 4 0 0 0 4 6
3 5 0 7 0 7 7
4 5 0 7 0 7 7
5 6 0 0 0 8 0
6 7 0 0 0 9 0
7 8 0 0 0 10 0
8 9 11 0 0 11 0
9 10 12 12 0 12 12
10 11 13 0 0 0 0
11 12 14 0 14 0 0
12 13 15 15 0 15 15
13 14 0 0 0 16 0
13 15 0 0 0 17 0
14 16 0 0 0 18 0
15 17 0 19 0 19 0
16 18 0 19 0 19 0
17 19 0 20 0 20 20
18 20 0 20 0 20 20
19 21 0 0 21 21 0
19 21 0 0 0 22 0
19 21 0 0 0 23 0
20 22 0 0 21 21 0
20 22 0 0 0 22 0
20 22 0 0 0 23 0
21 23 0 0 0 24 25
22 24 0 0 0 24 25
23 25 0 0 0 26 27
23 26 0 0 0 26 28
24 27 0 0 0 26 27
24 28 0 0 0 26 28
25 25 0 0 0 26 27
25 26 0 0 0 26 28
26 25 0 0 0 26 27
26 26 0 0 0 26 28
27 27 0 0 0 26 27
27 28 0 0 0 26 28
28 27 0 0 0 26 27
28 28 0 0 0 26 28
6
1 0
9 1 2 3 4 5 6 7 8 9
1 10
1 11
1 12
16 13 14 15 16 17 18 19 20 21 22 23 24 25 26 27 28
7
1 0
1 1
3 2 3 4
5 5 6 7 8 9
3 10 11 12
6 13 14 15 16 17 18
10 19 20 21 22 23 24 25 26 27 28
3
1 0
11 1 2 3 4 5 6 7 8 9 10 11
17 12 13 14 15 16 17 18 19 20 21 22 23 24 25 26 27 28
22
1 0
2 1 2
1 3
1 4
1 5
1 6
1 7
1 8
1 9
3 10 11 12
1 13
1 14
1 15
1 16
1 17
1 18
1 19
1 20
1 21
1 22
3 25 26 23
3 24 27 28
13
1 0
1 1
1 2
1 3
1 4
5 5 6 7 8 9
3 10 11 12
6 13 14 15 16 17 18
2 19 20
2 21 22
2 24 23
2 25 27
2 26 28
2
25
27
4
