29
4
63
0 1 0 1 1 0
0 2 1 2 1 2
0 3 1 1 3 3
1 4 4 1 1 4
2 5 1 5 1 5
3 6 1 1 6 6
4 0 7 1 1 1
4 7 1 2 1 2
4 8 1 1 3 3
5 9 0 1 1 0
5 0 1 7 1 1
5 10 1 1 3 3
6 11 0 1 1 0
6 12 1 2 1 2
6 0 1 1 7 1
7 13 7 1 1 1
7 14 1 5 1 5
8 15 7 1 1 1
8 16 1 1 6 6
9 14 4 1 1 4
9 17 1 7 1 1
10 15 1 7 1 1
10 18 1 1 6 6
11 16 4 1 1 4
11 17 1 1 7 1
12 18 1 5 1 5
12 13 1 1 7 1
13 5 1 5 1 5
14 5 7 1 1 1
14 4 1 7 1 1
14 19 1 1 3 3
15 6 1 1 6 6
16 6 7 1 1 1
16 20 1 2 1 2
16 4 1 1 7 1
17 4 4 1 1 4
18 21 0 1 1 0
18 6 1 7 1 1
18 5 1 1 7 1
19 22 7 1 1 1
19 23 1 7 1 1
19 24 1 1 6 6
20 25 7 1 1 1
20 24 1 5 1 5
20 26 1 1 7 1
21 24 4 1 1 4
21 27 1 7 1 1
21 28 1 1 7 1
22 15 1 7 1 1
22 18 1 1 6 6
23 15 7 1 1 1
23 16 1 1 6 6
24 18 7 1 1 1
24 16 1 7 1 1
24 14 1 1 7 1
25 18 1 5 1 5
25 13 1 1 7 1
26 13 7 1 1 1
26 14 1 5 1 5
27 16 4 1 1 4
27 17 1 1 7 1
28 14 4 1 1 4
28 17 1 7 1 1
5
1 0
4 1 11 21 9
11 2 3 5 6 10 12 13 15 18 22 25
10 4 7 8 14 16 19 20 23 24 26
3 17 27 28
5
1 0
11 1 3 4 6 8 11 15 16 17 23 27
4 2 12 20 7
10 5 9 10 14 18 19 21 22 24 28
3 25 26 13
5
1 0
11 1 2 4 5 7 9 13 14 17 26 28
4 8 19 10 3
10 6 11 12 16 18 20 21 24 25 27
3 23 22 15
3
1 0
21 1 2 3 7 8 9 10 11 12 13 15 17 19 20 21 22 23 25 26 27 28
7 4 5 6 14 16 18 24
12
1
2
3
7
8
9
10
11
12
19
20
21
3
