513
3
1740
0 1 0 1 1
0 2 2 1 1
0 3 1 0 1
0 4 1 2 1
1 5 3 1 3
1 6 4 1 4
1 7 1 0 1
1 8 1 2 1
2 9 5 1 5
2 10 6 1 6
2 11 1 0 1
2 12 1 2 1
3 7 0 1 1
3 11 2 1 1
3 13 1 7 7
3 14 1 8 8
4 8 0 1 1
4 12 2 1 1
4 15 1 9 9
4 16 1 10 10
5 0 11 1 1
5 17 12 1 12
5 18 1 0 1
5 19 1 2 1
6 0 13 1 1
6 20 14 1 14
6 21 1 0 1
6 22 1 2 1
7 23 3 1 3
7 21 4 1 4
7 24 1 7 7
7 25 1 8 8
8 26 3 1 3
8 22 4 1 4
8 27 1 9 9
8 28 1 10 10
9 0 15 1 1
9 29 16 1 16
9 30 1 0 1
9 31 1 2 1
10 0 17 1 1
10 32 18 1 18
10 33 1 0 1
10 34 1 2 1
11 35 5 1 5
11 33 6 1 6
11 36 1 7 7
11 37 1 8 8
12 38 5 1 5
12 34 6 1 6
12 39 1 9 9
12 40 1 10 10
13 41 0 1 1
13 42 2 1 1
13 0 1 11 1
13 43 1 19 19
14 25 0 1 1
14 37 2 1 1
14 0 1 13 1
14 44 1 20 20
15 45 0 1 1
15 46 2 1 1
15 0 1 15 1
15 47 1 21 21
16 28 0 1 1
16 40 2 1 1
16 0 1 17 1
16 48 1 22 22
17 49 23 1 1
17 50 1 0 1
17 51 1 2 1
17 52 1 1 24
17 53 1 1 25
18 3 11 1 1
18 54 12 1 12
18 55 1 7 7
18 56 1 8 8
19 4 11 1 1
19 57 12 1 12
19 58 1 9 9
19 59 1 10 10
20 60 26 1 1
20 61 1 0 1
20 62 1 2 1
20 63 1 1 24
20 64 1 1 25
21 3 13 1 1
21 65 14 1 14
21 66 1 7 7
21 67 1 8 8
22 4 13 1 1
22 68 14 1 14
22 69 1 9 9
22 70 1 10 10
23 3 11 1 1
23 54 12 1 12
23 55 1 7 7
23 56 1 8 8
24 71 3 1 3
24 72 4 1 4
24 1 1 11 1
24 73 1 19 19
25 74 3 1 3
25 67 4 1 4
25 1 1 13 1
25 75 1 20 20
26 4 11 1 1
26 57 12 1 12
26 58 1 9 9
26 59 1 10 10
27 76 3 1 3
27 77 4 1 4
27 1 1 15 1
27 78 1 21 21
28 79 3 1 3
28 70 4 1 4
28 1 1 17 1
28 80 1 22 22
29 81 27 1 1
29 82 1 0 1
29 83 1 2 1
29 84 1 1 28
29 85 1 1 29
30 3 15 1 1
30 86 16 1 16
30 87 1 7 7
30 88 1 8 8
31 4 15 1 1
31 89 16 1 16
31 90 1 9 9
31 91 1 10 10
32 92 30 1 1
32 93 1 0 1
32 94 1 2 1
32 95 1 1 28
32 96 1 1 29
33 3 17 1 1
33 97 18 1 18
33 98 1 7 7
33 99 1 8 8
34 4 17 1 1
34 100 18 1 18
34 101 1 9 9
34 102 1 10 10
35 3 15 1 1
35 86 16 1 16
35 87 1 7 7
35 88 1 8 8
36 103 5 1 5
36 104 6 1 6
36 2 1 11 1
36 105 1 19 19
37 106 5 1 5
37 99 6 1 6
37 2 1 13 1
37 107 1 20 20
38 4 15 1 1
38 89 16 1 16
38 90 1 9 9
38 91 1 10 10
39 108 5 1 5
39 109 6 1 6
39 2 1 15 1
39 110 1 21 21
40 111 5 1 5
40 102 6 1 6
40 2 1 17 1
40 112 1 22 22
41 71 3 1 3
41 72 4 1 4
41 1 1 11 1
41 73 1 19 19
42 103 5 1 5
42 104 6 1 6
42 2 1 11 1
42 105 1 19 19
43 113 0 1 1
43 114 2 1 1
43 115 1 23 1
43 116 1 1 31
43 117 1 1 32
44 118 0 1 1
44 119 2 1 1
44 120 1 26 1
44 121 1 1 31
44 122 1 1 32
45 76 3 1 3
45 77 4 1 4
45 1 1 15 1
45 78 1 21 21
46 108 5 1 5
46 109 6 1 6
46 2 1 15 1
46 110 1 21 21
47 123 0 1 1
47 124 2 1 1
47 125 1 27 1
47 126 1 1 33
47 127 1 1 34
48 128 0 1 1
48 129 2 1 1
48 130 1 30 1
48 131 1 1 33
48 132 1 1 34
49 49 23 1 1
49 50 1 0 1
49 51 1 2 1
49 52 1 1 24
49 53 1 1 25
50 50 23 1 1
50 133 1 1 24
50 134 1 1 25
51 51 23 1 1
51 135 1 1 24
51 136 1 1 25
52 52 23 1 1
52 133 1 0 1
52 135 1 2 1
53 137 23 1 1
53 138 1 0 1
53 139 1 2 1
53 52 1 1 35
54 50 23 1 1
54 133 1 1 24
54 134 1 1 25
55 140 11 1 1
55 141 12 1 12
55 142 1 11 1
55 143 1 19 19
56 14 11 1 1
56 144 12 1 12
56 142 1 13 1
56 145 1 20 20
57 51 23 1 1
57 135 1 1 24
57 136 1 1 25
58 146 11 1 1
58 147 12 1 12
58 142 1 15 1
58 148 1 21 21
59 16 11 1 1
59 149 12 1 12
59 142 1 17 1
59 150 1 22 22
60 60 26 1 1
60 61 1 0 1
60 62 1 2 1
60 63 1 1 24
60 64 1 1 25
61 61 26 1 1
61 151 1 1 24
61 152 1 1 25
62 62 26 1 1
62 153 1 1 24
62 154 1 1 25
63 63 26 1 1
63 151 1 0 1
63 153 1 2 1
64 155 26 1 1
64 156 1 0 1
64 157 1 2 1
64 63 1 1 35
65 61 26 1 1
65 151 1 1 24
65 152 1 1 25
66 140 13 1 1
66 158 14 1 14
66 6 1 11 1
66 159 1 19 19
67 14 13 1 1
67 160 14 1 14
67 6 1 13 1
67 161 1 20 20
68 62 26 1 1
68 153 1 1 24
68 154 1 1 25
69 146 13 1 1
69 162 14 1 14
69 6 1 15 1
69 163 1 21 21
70 16 13 1 1
70 164 14 1 14
70 6 1 17 1
70 165 1 22 22
71 140 11 1 1
71 141 12 1 12
71 142 1 11 1
71 143 1 19 19
72 140 13 1 1
72 158 14 1 14
72 6 1 11 1
72 159 1 19 19
73 113 1 23 1
73 166 1 1 31
73 167 1 1 32
74 14 11 1 1
74 144 12 1 12
74 142 1 13 1
74 145 1 20 20
75 118 1 26 1
75 168 1 1 31
75 169 1 1 32
76 146 11 1 1
76 147 12 1 12
76 142 1 15 1
76 148 1 21 21
77 146 13 1 1
77 162 14 1 14
77 6 1 15 1
77 163 1 21 21
78 123 1 27 1
78 170 1 1 33
78 171 1 1 34
79 16 11 1 1
79 149 12 1 12
79 142 1 17 1
79 150 1 22 22
80 128 1 30 1
80 172 1 1 33
80 173 1 1 34
81 81 27 1 1
81 82 1 0 1
81 83 1 2 1
81 84 1 1 28
81 85 1 1 29
82 82 27 1 1
82 174 1 1 28
82 175 1 1 29
83 83 27 1 1
83 176 1 1 28
83 177 1 1 29
84 84 27 1 1
84 174 1 0 1
84 176 1 2 1
85 178 27 1 1
85 179 1 0 1
85 180 1 2 1
85 84 1 1 36
86 82 27 1 1
86 174 1 1 28
86 175 1 1 29
87 140 15 1 1
87 181 16 1 16
87 182 1 11 1
87 183 1 19 19
88 14 15 1 1
88 184 16 1 16
88 182 1 13 1
88 185 1 20 20
89 83 27 1 1
89 176 1 1 28
89 177 1 1 29
90 146 15 1 1
90 186 16 1 16
90 182 1 15 1
90 187 1 21 21
91 16 15 1 1
91 188 16 1 16
91 182 1 17 1
91 189 1 22 22
92 92 30 1 1
92 93 1 0 1
92 94 1 2 1
92 95 1 1 28
92 96 1 1 29
93 93 30 1 1
93 190 1 1 28
93 191 1 1 29
94 94 30 1 1
94 192 1 1 28
94 193 1 1 29
95 95 30 1 1
95 190 1 0 1
95 192 1 2 1
96 194 30 1 1
96 195 1 0 1
96 196 1 2 1
96 95 1 1 36
97 93 30 1 1
97 190 1 1 28
97 191 1 1 29
98 140 17 1 1
98 197 18 1 18
98 10 1 11 1
98 198 1 19 19
99 14 17 1 1
99 199 18 1 18
99 10 1 13 1
99 200 1 20 20
100 94 30 1 1
100 192 1 1 28
100 193 1 1 29
101 146 17 1 1
101 201 18 1 18
101 10 1 15 1
101 202 1 21 21
102 16 17 1 1
102 203 18 1 18
102 10 1 17 1
102 204 1 22 22
103 140 15 1 1
103 181 16 1 16
103 182 1 11 1
103 183 1 19 19
104 140 17 1 1
104 197 18 1 18
104 10 1 11 1
104 198 1 19 19
105 114 1 23 1
105 205 1 1 31
105 206 1 1 32
106 14 15 1 1
106 184 16 1 16
106 182 1 13 1
106 185 1 20 20
107 119 1 26 1
107 207 1 1 31
107 208 1 1 32
108 146 15 1 1
108 186 16 1 16
108 182 1 15 1
108 187 1 21 21
109 146 17 1 1
109 201 18 1 18
109 10 1 15 1
109 202 1 21 21
110 124 1 27 1
110 209 1 1 33
110 210 1 1 34
111 16 15 1 1
111 188 16 1 16
111 182 1 17 1
111 189 1 22 22
112 129 1 30 1
112 211 1 1 33
112 212 1 1 34
113 113 1 23 1
113 166 1 1 31
113 167 1 1 32
114 114 1 23 1
114 205 1 1 31
114 206 1 1 32
115 113 0 1 1
115 114 2 1 1
115 115 1 23 1
115 116 1 1 31
115 117 1 1 32
116 166 0 1 1
116 205 2 1 1
116 116 1 23 1
117 213 0 1 1
117 214 2 1 1
117 215 1 23 1
117 116 1 1 37
118 118 1 26 1
118 168 1 1 31
118 169 1 1 32
119 119 1 26 1
119 207 1 1 31
119 208 1 1 32
120 118 0 1 1
120 119 2 1 1
120 120 1 26 1
120 121 1 1 31
120 122 1 1 32
121 168 0 1 1
121 207 2 1 1
121 121 1 26 1
122 216 0 1 1
122 217 2 1 1
122 218 1 26 1
122 121 1 1 37
123 123 1 27 1
123 170 1 1 33
123 171 1 1 34
124 124 1 27 1
124 209 1 1 33
124 210 1 1 34
125 123 0 1 1
125 124 2 1 1
125 125 1 27 1
125 126 1 1 33
125 127 1 1 34
126 170 0 1 1
126 209 2 1 1
126 126 1 27 1
127 219 0 1 1
127 220 2 1 1
127 221 1 27 1
127 126 1 1 38
128 128 1 30 1
128 172 1 1 33
128 173 1 1 34
129 129 1 30 1
129 211 1 1 33
129 212 1 1 34
130 128 0 1 1
130 129 2 1 1
130 130 1 30 1
130 131 1 1 33
130 132 1 1 34
131 172 0 1 1
131 211 2 1 1
131 131 1 30 1
132 222 0 1 1
132 223 2 1 1
132 224 1 30 1
132 131 1 1 38
133 133 23 1 1
133 225 1 7 7
133 226 1 8 8
134 138 23 1 1
134 133 1 1 35
135 135 23 1 1
135 227 1 9 9
135 228 1 10 10
136 139 23 1 1
136 135 1 1 35
137 137 23 1 1
137 138 1 0 1
137 139 1 2 1
137 52 1 1 35
138 138 23 1 1
138 133 1 1 35
139 139 23 1 1
139 135 1 1 35
140 41 0 1 1
140 42 2 1 1
140 0 1 11 1
140 43 1 19 19
141 229 23 1 1
141 49 1 11 1
141 230 1 1 24
141 231 1 1 25
142 0 11 1 1
142 17 12 1 12
142 18 1 0 1
142 19 1 2 1
143 115 11 1 1
143 232 1 23 1
143 233 1 1 31
143 234 1 1 32
144 235 23 1 1
144 49 1 13 1
144 226 1 1 24
144 236 1 1 25
145 120 11 1 1
145 237 1 26 1
145 238 1 1 31
145 239 1 1 32
146 45 0 1 1
146 46 2 1 1
146 0 1 15 1
146 47 1 21 21
147 240 23 1 1
147 49 1 15 1
147 241 1 1 24
147 242 1 1 25
148 125 11 1 1
148 243 1 27 1
148 244 1 1 33
148 245 1 1 34
149 246 23 1 1
149 49 1 17 1
149 228 1 1 24
149 247 1 1 25
150 130 11 1 1
150 248 1 30 1
150 249 1 1 33
150 250 1 1 34
151 151 26 1 1
151 251 1 7 7
151 252 1 8 8
152 156 26 1 1
152 151 1 1 35
153 153 26 1 1
153 253 1 9 9
153 254 1 10 10
154 157 26 1 1
154 153 1 1 35
155 155 26 1 1
155 156 1 0 1
155 157 1 2 1
155 63 1 1 35
156 156 26 1 1
156 151 1 1 35
157 157 26 1 1
157 153 1 1 35
158 255 26 1 1
158 60 1 11 1
158 256 1 1 24
158 257 1 1 25
159 115 13 1 1
159 258 1 23 1
159 259 1 1 31
159 260 1 1 32
160 261 26 1 1
160 60 1 13 1
160 252 1 1 24
160 262 1 1 25
161 120 13 1 1
161 263 1 26 1
161 264 1 1 31
161 265 1 1 32
162 266 26 1 1
162 60 1 15 1
162 267 1 1 24
162 268 1 1 25
163 125 13 1 1
163 269 1 27 1
163 270 1 1 33
163 271 1 1 34
164 272 26 1 1
164 60 1 17 1
164 254 1 1 24
164 273 1 1 25
165 130 13 1 1
165 274 1 30 1
165 275 1 1 33
165 276 1 1 34
166 277 3 1 3
166 259 4 1 4
166 166 1 23 1
167 213 1 23 1
167 166 1 1 37
168 278 3 1 3
168 264 4 1 4
168 168 1 26 1
169 216 1 26 1
169 168 1 1 37
170 279 3 1 3
170 270 4 1 4
170 170 1 27 1
171 219 1 27 1
171 170 1 1 38
172 280 3 1 3
172 275 4 1 4
172 172 1 30 1
173 222 1 30 1
173 172 1 1 38
174 174 27 1 1
174 281 1 7 7
174 282 1 8 8
175 179 27 1 1
175 174 1 1 36
176 176 27 1 1
176 283 1 9 9
176 284 1 10 10
177 180 27 1 1
177 176 1 1 36
178 178 27 1 1
178 179 1 0 1
178 180 1 2 1
178 84 1 1 36
179 179 27 1 1
179 174 1 1 36
180 180 27 1 1
180 176 1 1 36
181 285 27 1 1
181 81 1 11 1
181 286 1 1 28
181 287 1 1 29
182 0 15 1 1
182 29 16 1 16
182 30 1 0 1
182 31 1 2 1
183 115 15 1 1
183 288 1 23 1
183 289 1 1 31
183 290 1 1 32
184 291 27 1 1
184 81 1 13 1
184 282 1 1 28
184 292 1 1 29
185 120 15 1 1
185 293 1 26 1
185 294 1 1 31
185 295 1 1 32
186 296 27 1 1
186 81 1 15 1
186 297 1 1 28
186 298 1 1 29
187 125 15 1 1
187 299 1 27 1
187 300 1 1 33
187 301 1 1 34
188 302 27 1 1
188 81 1 17 1
188 284 1 1 28
188 303 1 1 29
189 130 15 1 1
189 304 1 30 1
189 305 1 1 33
189 306 1 1 34
190 190 30 1 1
190 307 1 7 7
190 308 1 8 8
191 195 30 1 1
191 190 1 1 36
192 192 30 1 1
192 309 1 9 9
192 310 1 10 10
193 196 30 1 1
193 192 1 1 36
194 194 30 1 1
194 195 1 0 1
194 196 1 2 1
194 95 1 1 36
195 195 30 1 1
195 190 1 1 36
196 196 30 1 1
196 192 1 1 36
197 311 30 1 1
197 92 1 11 1
197 312 1 1 28
197 313 1 1 29
198 115 17 1 1
198 314 1 23 1
198 315 1 1 31
198 316 1 1 32
199 317 30 1 1
199 92 1 13 1
199 308 1 1 28
199 318 1 1 29
200 120 17 1 1
200 319 1 26 1
200 320 1 1 31
200 321 1 1 32
201 322 30 1 1
201 92 1 15 1
201 323 1 1 28
201 324 1 1 29
202 125 17 1 1
202 325 1 27 1
202 326 1 1 33
202 327 1 1 34
203 328 30 1 1
203 92 1 17 1
203 310 1 1 28
203 329 1 1 29
204 130 17 1 1
204 330 1 30 1
204 331 1 1 33
204 332 1 1 34
205 333 5 1 5
205 315 6 1 6
205 205 1 23 1
206 214 1 23 1
206 205 1 1 37
207 334 5 1 5
207 320 6 1 6
207 207 1 26 1
208 217 1 26 1
208 207 1 1 37
209 335 5 1 5
209 326 6 1 6
209 209 1 27 1
210 220 1 27 1
210 209 1 1 38
211 336 5 1 5
211 331 6 1 6
211 211 1 30 1
212 223 1 30 1
212 211 1 1 38
213 213 1 23 1
213 166 1 1 37
214 214 1 23 1
214 205 1 1 37
215 213 0 1 1
215 214 2 1 1
215 215 1 23 1
215 116 1 1 37
216 216 1 26 1
216 168 1 1 37
217 217 1 26 1
217 207 1 1 37
218 216 0 1 1
218 217 2 1 1
218 218 1 26 1
218 121 1 1 37
219 219 1 27 1
219 170 1 1 38
220 220 1 27 1
220 209 1 1 38
221 219 0 1 1
221 220 2 1 1
221 221 1 27 1
221 126 1 1 38
222 222 1 30 1
222 172 1 1 38
223 223 1 30 1
223 211 1 1 38
224 222 0 1 1
224 223 2 1 1
224 224 1 30 1
224 131 1 1 38
225 230 23 1 1
225 52 1 11 1
225 337 1 19 19
226 226 23 1 1
226 52 1 13 1
226 338 1 20 20
227 241 23 1 1
227 52 1 15 1
227 339 1 21 21
228 228 23 1 1
228 52 1 17 1
228 340 1 22 22
229 229 23 1 1
229 49 1 11 1
229 230 1 1 24
229 231 1 1 25
230 230 23 1 1
230 52 1 11 1
230 337 1 19 19
231 341 23 1 1
231 137 1 11 1
231 230 1 1 35
232 115 11 1 1
232 232 1 23 1
232 233 1 1 31
232 234 1 1 32
233 116 11 1 1
233 342 12 1 12
233 233 1 23 1
234 215 11 1 1
234 343 1 23 1
234 233 1 1 37
235 235 23 1 1
235 49 1 13 1
235 226 1 1 24
235 236 1 1 25
236 344 23 1 1
236 137 1 13 1
236 226 1 1 35
237 120 11 1 1
237 237 1 26 1
237 238 1 1 31
237 239 1 1 32
238 121 11 1 1
238 345 12 1 12
238 238 1 26 1
239 218 11 1 1
239 346 1 26 1
239 238 1 1 37
240 240 23 1 1
240 49 1 15 1
240 241 1 1 24
240 242 1 1 25
241 241 23 1 1
241 52 1 15 1
241 339 1 21 21
242 347 23 1 1
242 137 1 15 1
242 241 1 1 35
243 125 11 1 1
243 243 1 27 1
243 244 1 1 33
243 245 1 1 34
244 126 11 1 1
244 348 12 1 12
244 244 1 27 1
245 221 11 1 1
245 349 1 27 1
245 244 1 1 38
246 246 23 1 1
246 49 1 17 1
246 228 1 1 24
246 247 1 1 25
247 350 23 1 1
247 137 1 17 1
247 228 1 1 35
248 130 11 1 1
248 248 1 30 1
248 249 1 1 33
248 250 1 1 34
249 131 11 1 1
249 351 12 1 12
249 249 1 30 1
250 224 11 1 1
250 352 1 30 1
250 249 1 1 38
251 256 26 1 1
251 63 1 11 1
251 353 1 19 19
252 252 26 1 1
252 63 1 13 1
252 354 1 20 20
253 267 26 1 1
253 63 1 15 1
253 355 1 21 21
254 254 26 1 1
254 63 1 17 1
254 356 1 22 22
255 255 26 1 1
255 60 1 11 1
255 256 1 1 24
255 257 1 1 25
256 256 26 1 1
256 63 1 11 1
256 353 1 19 19
257 357 26 1 1
257 155 1 11 1
257 256 1 1 35
258 115 13 1 1
258 258 1 23 1
258 259 1 1 31
258 260 1 1 32
259 116 13 1 1
259 358 14 1 14
259 259 1 23 1
260 215 13 1 1
260 359 1 23 1
260 259 1 1 37
261 261 26 1 1
261 60 1 13 1
261 252 1 1 24
261 262 1 1 25
262 360 26 1 1
262 155 1 13 1
262 252 1 1 35
263 120 13 1 1
263 263 1 26 1
263 264 1 1 31
263 265 1 1 32
264 121 13 1 1
264 361 14 1 14
264 264 1 26 1
265 218 13 1 1
265 362 1 26 1
265 264 1 1 37
266 266 26 1 1
266 60 1 15 1
266 267 1 1 24
266 268 1 1 25
267 267 26 1 1
267 63 1 15 1
267 355 1 21 21
268 363 26 1 1
268 155 1 15 1
268 267 1 1 35
269 125 13 1 1
269 269 1 27 1
269 270 1 1 33
269 271 1 1 34
270 126 13 1 1
270 364 14 1 14
270 270 1 27 1
271 221 13 1 1
271 365 1 27 1
271 270 1 1 38
272 272 26 1 1
272 60 1 17 1
272 254 1 1 24
272 273 1 1 25
273 366 26 1 1
273 155 1 17 1
273 254 1 1 35
274 130 13 1 1
274 274 1 30 1
274 275 1 1 33
274 276 1 1 34
275 131 13 1 1
275 367 14 1 14
275 275 1 30 1
276 224 13 1 1
276 368 1 30 1
276 275 1 1 38
277 116 11 1 1
277 342 12 1 12
277 233 1 23 1
278 121 11 1 1
278 345 12 1 12
278 238 1 26 1
279 126 11 1 1
279 348 12 1 12
279 244 1 27 1
280 131 11 1 1
280 351 12 1 12
280 249 1 30 1
281 286 27 1 1
281 84 1 11 1
281 369 1 19 19
282 282 27 1 1
282 84 1 13 1
282 370 1 20 20
283 297 27 1 1
283 84 1 15 1
283 371 1 21 21
284 284 27 1 1
284 84 1 17 1
284 372 1 22 22
285 285 27 1 1
285 81 1 11 1
285 286 1 1 28
285 287 1 1 29
286 286 27 1 1
286 84 1 11 1
286 369 1 19 19
287 373 27 1 1
287 178 1 11 1
287 286 1 1 36
288 115 15 1 1
288 288 1 23 1
288 289 1 1 31
288 290 1 1 32
289 116 15 1 1
289 374 16 1 16
289 289 1 23 1
290 215 15 1 1
290 375 1 23 1
290 289 1 1 37
291 291 27 1 1
291 81 1 13 1
291 282 1 1 28
291 292 1 1 29
292 376 27 1 1
292 178 1 13 1
292 282 1 1 36
293 120 15 1 1
293 293 1 26 1
293 294 1 1 31
293 295 1 1 32
294 121 15 1 1
294 377 16 1 16
294 294 1 26 1
295 218 15 1 1
295 378 1 26 1
295 294 1 1 37
296 296 27 1 1
296 81 1 15 1
296 297 1 1 28
296 298 1 1 29
297 297 27 1 1
297 84 1 15 1
297 371 1 21 21
298 379 27 1 1
298 178 1 15 1
298 297 1 1 36
299 125 15 1 1
299 299 1 27 1
299 300 1 1 33
299 301 1 1 34
300 126 15 1 1
300 380 16 1 16
300 300 1 27 1
301 221 15 1 1
301 381 1 27 1
301 300 1 1 38
302 302 27 1 1
302 81 1 17 1
302 284 1 1 28
302 303 1 1 29
303 382 27 1 1
303 178 1 17 1
303 284 1 1 36
304 130 15 1 1
304 304 1 30 1
304 305 1 1 33
304 306 1 1 34
305 131 15 1 1
305 383 16 1 16
305 305 1 30 1
306 224 15 1 1
306 384 1 30 1
306 305 1 1 38
307 312 30 1 1
307 95 1 11 1
307 385 1 19 19
308 308 30 1 1
308 95 1 13 1
308 386 1 20 20
309 323 30 1 1
309 95 1 15 1
309 387 1 21 21
310 310 30 1 1
310 95 1 17 1
310 388 1 22 22
311 311 30 1 1
311 92 1 11 1
311 312 1 1 28
311 313 1 1 29
312 312 30 1 1
312 95 1 11 1
312 385 1 19 19
313 389 30 1 1
313 194 1 11 1
313 312 1 1 36
314 115 17 1 1
314 314 1 23 1
314 315 1 1 31
314 316 1 1 32
315 116 17 1 1
315 390 18 1 18
315 315 1 23 1
316 215 17 1 1
316 391 1 23 1
316 315 1 1 37
317 317 30 1 1
317 92 1 13 1
317 308 1 1 28
317 318 1 1 29
318 392 30 1 1
318 194 1 13 1
318 308 1 1 36
319 120 17 1 1
319 319 1 26 1
319 320 1 1 31
319 321 1 1 32
320 121 17 1 1
320 393 18 1 18
320 320 1 26 1
321 218 17 1 1
321 394 1 26 1
321 320 1 1 37
322 322 30 1 1
322 92 1 15 1
322 323 1 1 28
322 324 1 1 29
323 323 30 1 1
323 95 1 15 1
323 387 1 21 21
324 395 30 1 1
324 194 1 15 1
324 323 1 1 36
325 125 17 1 1
325 325 1 27 1
325 326 1 1 33
325 327 1 1 34
326 126 17 1 1
326 396 18 1 18
326 326 1 27 1
327 221 17 1 1
327 397 1 27 1
327 326 1 1 38
328 328 30 1 1
328 92 1 17 1
328 310 1 1 28
328 329 1 1 29
329 398 30 1 1
329 194 1 17 1
329 310 1 1 36
330 130 17 1 1
330 330 1 30 1
330 331 1 1 33
330 332 1 1 34
331 131 17 1 1
331 399 18 1 18
331 331 1 30 1
332 224 17 1 1
332 400 1 30 1
332 331 1 1 38
333 116 15 1 1
333 374 16 1 16
333 289 1 23 1
334 121 15 1 1
334 377 16 1 16
334 294 1 26 1
335 126 15 1 1
335 380 16 1 16
335 300 1 27 1
336 131 15 1 1
336 383 16 1 16
336 305 1 30 1
337 401 23 1 1
337 401 1 23 1
337 402 1 1 31
337 403 1 1 32
338 404 23 1 1
338 404 1 26 1
338 405 1 1 31
338 406 1 1 32
339 407 23 1 1
339 407 1 27 1
339 408 1 1 33
339 409 1 1 34
340 410 23 1 1
340 410 1 30 1
340 411 1 1 33
340 412 1 1 34
341 341 23 1 1
341 137 1 11 1
341 230 1 1 35
342 413 23 1 1
342 413 1 23 1
342 402 1 1 24
342 414 1 1 25
343 215 11 1 1
343 343 1 23 1
343 233 1 1 37
344 344 23 1 1
344 137 1 13 1
344 226 1 1 35
345 415 23 1 1
345 415 1 26 1
345 405 1 1 24
345 416 1 1 25
346 218 11 1 1
346 346 1 26 1
346 238 1 1 37
347 347 23 1 1
347 137 1 15 1
347 241 1 1 35
348 417 23 1 1
348 417 1 27 1
348 408 1 1 24
348 418 1 1 25
349 221 11 1 1
349 349 1 27 1
349 244 1 1 38
350 350 23 1 1
350 137 1 17 1
350 228 1 1 35
351 419 23 1 1
351 419 1 30 1
351 411 1 1 24
351 420 1 1 25
352 224 11 1 1
352 352 1 30 1
352 249 1 1 38
353 421 26 1 1
353 421 1 23 1
353 422 1 1 31
353 423 1 1 32
354 424 26 1 1
354 424 1 26 1
354 425 1 1 31
354 426 1 1 32
355 427 26 1 1
355 427 1 27 1
355 428 1 1 33
355 429 1 1 34
356 430 26 1 1
356 430 1 30 1
356 431 1 1 33
356 432 1 1 34
357 357 26 1 1
357 155 1 11 1
357 256 1 1 35
358 433 26 1 1
358 433 1 23 1
358 422 1 1 24
358 434 1 1 25
359 215 13 1 1
359 359 1 23 1
359 259 1 1 37
360 360 26 1 1
360 155 1 13 1
360 252 1 1 35
361 435 26 1 1
361 435 1 26 1
361 425 1 1 24
361 436 1 1 25
362 218 13 1 1
362 362 1 26 1
362 264 1 1 37
363 363 26 1 1
363 155 1 15 1
363 267 1 1 35
364 437 26 1 1
364 437 1 27 1
364 428 1 1 24
364 438 1 1 25
365 221 13 1 1
365 365 1 27 1
365 270 1 1 38
366 366 26 1 1
366 155 1 17 1
366 254 1 1 35
367 439 26 1 1
367 439 1 30 1
367 431 1 1 24
367 440 1 1 25
368 224 13 1 1
368 368 1 30 1
368 275 1 1 38
369 441 27 1 1
369 441 1 23 1
369 442 1 1 31
369 443 1 1 32
370 444 27 1 1
370 444 1 26 1
370 445 1 1 31
370 446 1 1 32
371 447 27 1 1
371 447 1 27 1
371 448 1 1 33
371 449 1 1 34
372 450 27 1 1
372 450 1 30 1
372 451 1 1 33
372 452 1 1 34
373 373 27 1 1
373 178 1 11 1
373 286 1 1 36
374 453 27 1 1
374 453 1 23 1
374 442 1 1 28
374 454 1 1 29
375 215 15 1 1
375 375 1 23 1
375 289 1 1 37
376 376 27 1 1
376 178 1 13 1
376 282 1 1 36
377 455 27 1 1
377 455 1 26 1
377 445 1 1 28
377 456 1 1 29
378 218 15 1 1
378 378 1 26 1
378 294 1 1 37
379 379 27 1 1
379 178 1 15 1
379 297 1 1 36
380 457 27 1 1
380 457 1 27 1
380 448 1 1 28
380 458 1 1 29
381 221 15 1 1
381 381 1 27 1
381 300 1 1 38
382 382 27 1 1
382 178 1 17 1
382 284 1 1 36
383 459 27 1 1
383 459 1 30 1
383 451 1 1 28
383 460 1 1 29
384 224 15 1 1
384 384 1 30 1
384 305 1 1 38
385 461 30 1 1
385 461 1 23 1
385 462 1 1 31
385 463 1 1 32
386 464 30 1 1
386 464 1 26 1
386 465 1 1 31
386 466 1 1 32
387 467 30 1 1
387 467 1 27 1
387 468 1 1 33
387 469 1 1 34
388 470 30 1 1
388 470 1 30 1
388 471 1 1 33
388 472 1 1 34
389 389 30 1 1
389 194 1 11 1
389 312 1 1 36
390 473 30 1 1
390 473 1 23 1
390 462 1 1 28
390 474 1 1 29
391 215 17 1 1
391 391 1 23 1
391 315 1 1 37
392 392 30 1 1
392 194 1 13 1
392 308 1 1 36
393 475 30 1 1
393 475 1 26 1
393 465 1 1 28
393 476 1 1 29
394 218 17 1 1
394 394 1 26 1
394 320 1 1 37
395 395 30 1 1
395 194 1 15 1
395 323 1 1 36
396 477 30 1 1
396 477 1 27 1
396 468 1 1 28
396 478 1 1 29
397 221 17 1 1
397 397 1 27 1
397 326 1 1 38
398 398 30 1 1
398 194 1 17 1
398 310 1 1 36
399 479 30 1 1
399 479 1 30 1
399 471 1 1 28
399 480 1 1 29
400 224 17 1 1
400 400 1 30 1
400 331 1 1 38
401 401 23 1 1
401 401 1 23 1
401 402 1 1 31
401 403 1 1 32
402 402 23 1 1
402 402 1 23 1
403 481 23 1 1
403 481 1 23 1
403 402 1 1 37
404 404 23 1 1
404 404 1 26 1
404 405 1 1 31
404 406 1 1 32
405 405 23 1 1
405 405 1 26 1
406 482 23 1 1
406 482 1 26 1
406 405 1 1 37
407 407 23 1 1
407 407 1 27 1
407 408 1 1 33
407 409 1 1 34
408 408 23 1 1
408 408 1 27 1
409 483 23 1 1
409 483 1 27 1
409 408 1 1 38
410 410 23 1 1
410 410 1 30 1
410 411 1 1 33
410 412 1 1 34
411 411 23 1 1
411 411 1 30 1
412 484 23 1 1
412 484 1 30 1
412 411 1 1 38
413 413 23 1 1
413 413 1 23 1
413 402 1 1 24
413 414 1 1 25
414 485 23 1 1
414 485 1 23 1
414 402 1 1 35
415 415 23 1 1
415 415 1 26 1
415 405 1 1 24
415 416 1 1 25
416 486 23 1 1
416 486 1 26 1
416 405 1 1 35
417 417 23 1 1
417 417 1 27 1
417 408 1 1 24
417 418 1 1 25
418 487 23 1 1
418 487 1 27 1
418 408 1 1 35
419 419 23 1 1
419 419 1 30 1
419 411 1 1 24
419 420 1 1 25
420 488 23 1 1
420 488 1 30 1
420 411 1 1 35
421 421 26 1 1
421 421 1 23 1
421 422 1 1 31
421 423 1 1 32
422 422 26 1 1
422 422 1 23 1
423 489 26 1 1
423 489 1 23 1
423 422 1 1 37
424 424 26 1 1
424 424 1 26 1
424 425 1 1 31
424 426 1 1 32
425 425 26 1 1
425 425 1 26 1
426 490 26 1 1
426 490 1 26 1
426 425 1 1 37
427 427 26 1 1
427 427 1 27 1
427 428 1 1 33
427 429 1 1 34
428 428 26 1 1
428 428 1 27 1
429 491 26 1 1
429 491 1 27 1
429 428 1 1 38
430 430 26 1 1
430 430 1 30 1
430 431 1 1 33
430 432 1 1 34
431 431 26 1 1
431 431 1 30 1
432 492 26 1 1
432 492 1 30 1
432 431 1 1 38
433 433 26 1 1
433 433 1 23 1
433 422 1 1 24
433 434 1 1 25
434 493 26 1 1
434 493 1 23 1
434 422 1 1 35
435 435 26 1 1
435 435 1 26 1
435 425 1 1 24
435 436 1 1 25
436 494 26 1 1
436 494 1 26 1
436 425 1 1 35
437 437 26 1 1
437 437 1 27 1
437 428 1 1 24
437 438 1 1 25
438 495 26 1 1
438 495 1 27 1
438 428 1 1 35
439 439 26 1 1
439 439 1 30 1
439 431 1 1 24
439 440 1 1 25
440 496 26 1 1
440 496 1 30 1
440 431 1 1 35
441 441 27 1 1
441 441 1 23 1
441 442 1 1 31
441 443 1 1 32
442 442 27 1 1
442 442 1 23 1
443 497 27 1 1
443 497 1 23 1
443 442 1 1 37
444 444 27 1 1
444 444 1 26 1
444 445 1 1 31
444 446 1 1 32
445 445 27 1 1
445 445 1 26 1
446 498 27 1 1
446 498 1 26 1
446 445 1 1 37
447 447 27 1 1
447 447 1 27 1
447 448 1 1 33
447 449 1 1 34
448 448 27 1 1
448 448 1 27 1
449 499 27 1 1
449 499 1 27 1
449 448 1 1 38
450 450 27 1 1
450 450 1 30 1
450 451 1 1 33
450 452 1 1 34
451 451 27 1 1
451 451 1 30 1
452 500 27 1 1
452 500 1 30 1
452 451 1 1 38
453 453 27 1 1
453 453 1 23 1
453 442 1 1 28
453 454 1 1 29
454 501 27 1 1
454 501 1 23 1
454 442 1 1 36
455 455 27 1 1
455 455 1 26 1
455 445 1 1 28
455 456 1 1 29
456 502 27 1 1
456 502 1 26 1
456 445 1 1 36
457 457 27 1 1
457 457 1 27 1
457 448 1 1 28
457 458 1 1 29
458 503 27 1 1
458 503 1 27 1
458 448 1 1 36
459 459 27 1 1
459 459 1 30 1
459 451 1 1 28
459 460 1 1 29
460 504 27 1 1
460 504 1 30 1
460 451 1 1 36
461 461 30 1 1
461 461 1 23 1
461 462 1 1 31
461 463 1 1 32
462 462 30 1 1
462 462 1 23 1
463 505 30 1 1
463 505 1 23 1
463 462 1 1 37
464 464 30 1 1
464 464 1 26 1
464 465 1 1 31
464 466 1 1 32
465 465 30 1 1
465 465 1 26 1
466 506 30 1 1
466 506 1 26 1
466 465 1 1 37
467 467 30 1 1
467 467 1 27 1
467 468 1 1 33
467 469 1 1 34
468 468 30 1 1
468 468 1 27 1
469 507 30 1 1
469 507 1 27 1
469 468 1 1 38
470 470 30 1 1
470 470 1 30 1
470 471 1 1 33
470 472 1 1 34
471 471 30 1 1
471 471 1 30 1
472 508 30 1 1
472 508 1 30 1
472 471 1 1 38
473 473 30 1 1
473 473 1 23 1
473 462 1 1 28
473 474 1 1 29
474 509 30 1 1
474 509 1 23 1
474 462 1 1 36
475 475 30 1 1
475 475 1 26 1
475 465 1 1 28
475 476 1 1 29
476 510 30 1 1
476 510 1 26 1
476 465 1 1 36
477 477 30 1 1
477 477 1 27 1
477 468 1 1 28
477 478 1 1 29
478 511 30 1 1
478 511 1 27 1
478 468 1 1 36
479 479 30 1 1
479 479 1 30 1
479 471 1 1 28
479 480 1 1 29
480 512 30 1 1
480 512 1 30 1
480 471 1 1 36
481 481 23 1 1
481 481 1 23 1
481 402 1 1 37
482 482 23 1 1
482 482 1 26 1
482 405 1 1 37
483 483 23 1 1
483 483 1 27 1
483 408 1 1 38
484 484 23 1 1
484 484 1 30 1
484 411 1 1 38
485 485 23 1 1
485 485 1 23 1
485 402 1 1 35
486 486 23 1 1
486 486 1 26 1
486 405 1 1 35
487 487 23 1 1
487 487 1 27 1
487 408 1 1 35
488 488 23 1 1
488 488 1 30 1
488 411 1 1 35
489 489 26 1 1
489 489 1 23 1
489 422 1 1 37
490 490 26 1 1
490 490 1 26 1
490 425 1 1 37
491 491 26 1 1
491 491 1 27 1
491 428 1 1 38
492 492 26 1 1
492 492 1 30 1
492 431 1 1 38
493 493 26 1 1
493 493 1 23 1
493 422 1 1 35
494 494 26 1 1
494 494 1 26 1
494 425 1 1 35
495 495 26 1 1
495 495 1 27 1
495 428 1 1 35
496 496 26 1 1
496 496 1 30 1
496 431 1 1 35
497 497 27 1 1
497 497 1 23 1
497 442 1 1 37
498 498 27 1 1
498 498 1 26 1
498 445 1 1 37
499 499 27 1 1
499 499 1 27 1
499 448 1 1 38
500 500 27 1 1
500 500 1 30 1
500 451 1 1 38
501 501 27 1 1
501 501 1 23 1
501 442 1 1 36
502 502 27 1 1
502 502 1 26 1
502 445 1 1 36
503 503 27 1 1
503 503 1 27 1
503 448 1 1 36
504 504 27 1 1
504 504 1 30 1
504 451 1 1 36
505 505 30 1 1
505 505 1 23 1
505 462 1 1 37
506 506 30 1 1
506 506 1 26 1
506 465 1 1 37
507 507 30 1 1
507 507 1 27 1
507 468 1 1 38
508 508 30 1 1
508 508 1 30 1
508 471 1 1 38
509 509 30 1 1
509 509 1 23 1
509 462 1 1 36
510 510 30 1 1
510 510 1 26 1
510 465 1 1 36
511 511 30 1 1
511 511 1 27 1
511 468 1 1 36
512 512 30 1 1
512 512 1 30 1
512 471 1 1 36
18
1 0
29 128 1 7 8 24 25 27 28 166 167 168 41 169 170 171 45 172 173 73 75 78 80 213 216 219 222 113 118 123
29 129 2 11 12 36 37 39 40 42 46 205 206 207 208 209 210 211 212 214 217 220 223 105 107 110 112 114 119 124
28 130 3 4 131 132 140 13 14 15 16 146 43 44 47 48 215 218 221 224 115 116 117 120 121 122 125 126 127
11 5 71 74 76 79 277 278 23 280 26 279
29 258 259 260 6 263 264 265 269 270 271 274 275 276 21 22 159 161 163 165 66 67 69 70 72 77 359 362 365 368
11 35 38 103 9 106 108 333 334 111 335 336
29 391 10 394 397 400 33 34 314 315 316 319 320 321 325 198 326 200 327 202 330 204 331 332 98 99 101 102 104 109
11 345 141 144 17 147 149 54 342 57 348 351
27 142 143 145 18 19 148 150 55 56 58 59 343 346 349 352 232 233 234 237 238 239 243 244 245 248 249 250
11 160 65 162 68 164 358 361 364 367 20 158
11 377 181 86 374 184 89 186 188 29 380 383
27 384 30 31 288 289 290 293 294 295 299 300 301 304 305 306 182 183 185 187 189 87 88 90 91 375 378 381
11 32 97 100 197 390 199 201 393 203 396 399
62 133 134 135 136 137 138 139 401 402 403 404 405 406 407 408 409 410 411 412 413 414 415 416 417 418 419 420 49 50 51 52 53 337 338 339 340 341 344 347 350 487 225 226 227 228 229 230 231 481 482 483 235 236 484 485 486 240 241 242 246 247 488
62 256 257 261 262 266 267 268 272 273 151 152 153 154 155 156 157 421 422 423 424 425 426 427 428 429 430 431 432 433 434 435 436 437 438 439 440 60 61 62 63 64 353 354 355 356 357 360 489 490 363 491 492 366 493 494 495 496 251 252 253 254 255
62 281 282 283 284 285 286 287 291 292 296 297 298 174 175 176 177 178 179 180 302 303 441 442 443 444 445 446 447 448 449 450 451 452 453 454 455 456 457 458 459 460 81 82 83 84 85 503 504 369 370 371 372 373 497 498 376 499 500 379 501 502 382
62 512 385 386 387 388 389 392 395 398 307 308 309 310 311 312 313 317 190 191 192 193 194 195 196 318 322 323 324 328 329 461 462 463 464 465 466 467 468 469 470 471 472 473 474 475 92 93 94 95 96 476 477 478 479 480 505 506 507 508 509 510 511
18
1 0
28 1 2 5 6 9 10 137 142 17 20 155 29 32 49 178 52 53 182 60 63 64 194 81 84 85 92 95 96
29 3 133 134 7 138 11 18 21 23 151 152 156 30 33 35 174 175 50 179 54 61 190 191 65 195 82 86 93 97
29 4 135 8 136 139 12 19 22 153 26 154 157 31 34 38 176 177 51 180 57 62 192 193 68 196 83 89 94 100
11 225 66 98 36 13 307 87 55 24 281 251
29 261 262 392 14 144 25 282 160 291 292 37 308 56 184 317 318 67 199 74 88 344 226 99 360 106 235 236 376 252
11 227 69 90 39 101 15 283 309 58 27 253
29 382 398 16 272 273 149 28 284 164 40 302 303 310 59 188 70 328 329 203 79 91 350 228 102 366 111 246 247 254
27 256 257 389 140 141 285 286 158 287 41 42 181 311 312 313 197 71 72 341 229 230 103 104 231 357 373 255
11 353 385 198 73 105 43 143 337 369 183 159
11 161 354 386 200 107 75 44 145 338 370 185
27 266 267 268 395 146 147 162 296 297 298 45 46 186 322 323 324 201 76 77 347 363 108 109 240 241 242 379
11 163 355 387 202 110 78 47 339 148 371 187
11 356 165 388 204 48 80 112 340 372 150 189
62 258 259 260 390 391 401 402 403 277 413 414 288 289 290 421 166 167 422 423 433 434 441 314 315 316 442 443 453 454 205 206 333 461 462 463 213 214 215 342 343 473 474 481 485 358 359 232 233 234 489 493 505 113 114 115 116 117 374 375 497 501 509
62 263 264 265 393 394 404 405 278 406 415 416 293 294 295 168 169 424 425 426 435 436 444 445 446 319 320 321 455 456 334 207 208 464 465 466 216 217 218 345 346 475 476 482 486 361 362 377 490 237 238 239 378 494 498 506 118 119 120 121 122 502 510
62 511 396 269 270 271 397 279 407 408 409 417 418 170 171 299 300 301 427 428 429 437 438 447 448 449 325 326 327 457 458 335 209 210 467 468 469 507 219 220 221 348 349 477 478 483 487 491 364 365 495 381 243 244 245 499 503 380 123 124 125 126 127
62 128 129 130 131 132 384 512 399 400 274 275 276 280 410 411 412 419 420 172 173 430 431 304 305 306 432 439 440 450 451 452 330 331 332 459 460 336 211 212 470 471 472 222 223 224 351 352 479 480 484 488 504 492 367 368 496 500 248 249 250 508 383
14
1 0
160 1 2 3 4 5 6 7 8 9 10 11 12 13 14 15 16 18 19 21 22 23 24 25 26 27 28 30 31 33 34 35 36 37 38 39 40 41 42 45 46 52 55 56 58 59 63 66 67 69 70 71 72 74 76 77 79 84 87 88 90 91 95 98 99 101 102 103 104 106 108 109 111 116 121 126 131 133 135 140 142 146 151 153 166 168 170 172 174 176 182 190 192 205 207 209 211 225 226 227 228 230 233 238 241 244 249 251 252 253 254 256 259 264 267 270 275 277 278 279 280 281 282 283 284 286 289 294 297 300 305 307 308 309 310 312 315 320 323 326 331 333 334 335 336 402 405 408 411 422 425 428 431 442 445 448 451 462 465 468 471
44 261 266 141 144 17 272 147 20 149 413 158 415 160 417 162 419 164 49 50 51 433 435 54 437 439 57 60 61 62 65 68 342 345 348 351 229 358 361 235 364 367 240 246 255
44 390 393 396 399 29 285 32 291 296 302 181 311 184 186 188 317 322 197 453 199 328 201 455 203 457 459 81 82 83 86 89 473 475 92 93 94 477 479 97 100 374 377 380 383
44 385 258 386 263 143 145 401 404 159 288 161 293 421 424 43 44 183 185 314 441 444 319 198 200 73 75 461 464 337 338 353 354 232 105 107 237 113 114 115 369 370 118 119 120
44 128 129 130 387 388 269 274 148 150 407 410 163 165 299 427 430 47 48 304 187 189 447 450 325 202 330 204 78 80 339 340 467 470 355 356 110 112 243 371 372 248 123 124 125
22 257 134 262 136 268 273 152 154 414 416 418 420 434 436 53 438 440 64 231 236 242 247
22 287 292 298 175 303 177 313 318 191 193 324 454 456 329 458 460 85 474 476 478 96 480
22 260 265 403 406 290 167 295 169 423 426 443 316 446 321 206 463 208 466 234 239 117 122
22 132 271 276 409 412 171 173 301 429 432 306 449 452 327 332 210 212 469 472 245 250 127
22 137 138 139 155 156 157 341 344 347 350 357 485 486 360 487 488 363 493 366 494 495 496
22 512 389 510 392 395 398 178 179 180 194 195 196 376 373 501 503 504 502 379 509 382 511
22 391 394 213 214 215 216 217 346 218 343 481 482 359 489 362 490 497 498 506 375 505 378
22 384 397 400 219 220 349 221 222 224 352 223 483 484 491 492 365 368 499 500 507 508 381
22
53
64
134
136
152
154
231
236
242
247
257
262
268
273
414
416
418
420
434
436
438
440
2
