215
3
424
0 1 0 1 0
0 2 0 2 0
1 159 2 0 0
1 167 1 0 0
2 3 2 0 0
2 4 1 0 0
3 213 3 0 3
3 98 0 4 4
3 214 0 5 5
3 80 6 0 6
4 5 0 4 4
4 6 7 0 7
4 7 0 5 5
4 8 8 0 8
5 210 0 9 9
5 203 7 0 7
5 31 0 10 0
5 211 8 0 8
6 202 11 0 11
6 203 0 4 4
6 2 12 0 0
6 204 0 5 5
7 178 7 0 7
7 179 0 13 13
7 180 8 0 8
7 31 0 14 0
8 9 15 0 15
8 10 0 4 4
8 2 16 0 0
8 11 0 5 5
9 201 17 0 0
10 197 15 0 15
10 198 0 9 9
10 14 0 10 0
10 97 16 0 0
11 12 15 0 15
11 13 16 0 0
11 14 0 14 0
11 15 0 13 13
12 196 17 0 0
13 176 2 0 0
13 177 1 0 0
14 19 0 1 0
14 20 0 2 0
15 16 0 0 18
15 17 0 0 19
16 18 0 20 0
17 17 0 20 0
18 18 0 20 0
19 21 15 0 15
19 22 0 21 21
19 1 16 0 0
19 23 0 22 22
20 9 15 0 15
20 10 0 4 4
20 2 16 0 0
20 11 0 5 5
21 175 17 0 0
22 57 15 0 15
22 14 0 16 0
22 48 16 0 0
22 58 0 23 23
23 24 15 0 15
23 25 16 0 0
23 14 0 12 0
23 26 0 24 24
24 174 17 0 0
25 29 2 0 0
25 30 1 0 0
26 27 0 0 25
26 28 0 0 26
27 28 0 0 27
28 28 0 28 0
29 170 3 0 3
29 64 0 12 0
29 148 6 0 6
29 171 0 24 24
30 31 0 12 0
30 32 7 0 7
30 33 8 0 8
30 34 0 24 24
31 167 0 1 0
31 4 0 2 0
32 37 0 12 0
32 38 11 0 11
32 25 12 0 0
32 39 0 24 24
33 24 15 0 15
33 25 16 0 0
33 14 0 12 0
33 26 0 24 24
34 35 0 0 25
34 36 0 0 26
35 36 0 0 27
36 36 0 28 0
37 43 0 1 0
37 6 0 2 0
38 42 28 0 0
39 40 0 0 25
39 41 0 0 26
40 41 0 0 27
41 41 0 28 0
42 42 28 0 0
43 32 0 22 22
43 44 11 0 11
43 45 0 21 21
43 1 12 0 0
44 166 28 0 0
45 46 0 23 23
45 47 11 0 11
45 48 12 0 0
45 37 0 16 0
46 163 0 0 25
46 164 0 0 26
47 162 28 0 0
48 49 2 0 0
48 50 1 0 0
49 63 3 0 3
49 64 0 16 0
49 65 6 0 6
49 66 0 23 23
50 31 0 16 0
50 51 7 0 7
50 52 8 0 8
50 53 0 23 23
51 46 0 23 23
51 47 11 0 11
51 48 12 0 0
51 37 0 16 0
52 57 15 0 15
52 14 0 16 0
52 48 16 0 0
52 58 0 23 23
53 54 0 0 25
53 55 0 0 26
54 56 0 17 0
55 55 0 17 0
56 56 0 17 0
57 62 17 0 0
58 59 0 0 25
58 60 0 0 26
59 61 0 17 0
60 60 0 17 0
61 61 0 17 0
62 62 17 0 0
63 48 14 0 0
63 103 0 16 0
63 130 29 0 29
63 131 0 23 23
64 159 0 1 0
64 3 0 2 0
65 70 0 16 0
65 71 30 0 30
65 48 10 0 0
65 72 0 23 23
66 67 0 0 25
66 68 0 0 26
67 69 0 17 0
68 68 0 17 0
69 69 0 17 0
70 79 0 1 0
70 80 0 2 0
71 76 0 0 31
71 77 0 0 32
72 73 0 0 25
72 74 0 0 26
73 75 0 17 0
74 74 0 17 0
75 75 0 17 0
76 76 33 0 0
77 78 33 0 0
78 78 33 0 0
79 148 0 22 22
79 149 0 21 21
79 150 30 0 30
79 1 10 0 0
80 81 0 4 4
80 82 30 0 30
80 83 0 5 5
80 2 10 0 0
81 95 0 9 9
81 70 0 10 0
81 96 30 0 30
81 97 10 0 0
82 92 0 0 31
82 93 0 0 32
83 84 0 13 13
83 85 30 0 30
83 70 0 14 0
83 13 10 0 0
84 89 0 0 18
84 90 0 0 19
85 86 0 0 31
85 87 0 0 32
86 86 33 0 0
87 88 33 0 0
88 88 33 0 0
89 91 0 20 0
90 90 0 20 0
91 91 0 20 0
92 92 33 0 0
93 94 33 0 0
94 94 33 0 0
95 147 0 33 0
96 144 0 0 31
96 145 0 0 32
97 98 2 0 0
97 5 1 0 0
98 99 3 0 3
98 100 0 9 9
98 64 0 10 0
98 81 6 0 6
99 97 14 0 0
99 102 0 9 9
99 103 0 10 0
99 104 29 0 29
100 101 0 33 0
101 101 0 33 0
102 143 0 33 0
103 108 0 1 0
103 109 0 2 0
104 105 0 0 31
104 106 0 0 32
105 105 20 0 0
106 107 20 0 0
107 107 20 0 0
108 1 14 0 0
108 124 0 22 22
108 125 0 21 21
108 126 29 0 29
109 2 14 0 0
109 110 0 4 4
109 111 0 5 5
109 112 29 0 29
110 97 14 0 0
110 102 0 9 9
110 103 0 10 0
110 104 29 0 29
111 13 14 0 0
111 116 0 13 13
111 103 0 14 0
111 117 29 0 29
112 113 0 0 31
112 114 0 0 32
113 113 20 0 0
114 115 20 0 0
115 115 20 0 0
116 121 0 0 18
116 122 0 0 19
117 118 0 0 31
117 119 0 0 32
118 118 20 0 0
119 120 20 0 0
120 120 20 0 0
121 123 0 20 0
122 122 0 20 0
123 123 0 20 0
124 25 14 0 0
124 103 0 12 0
124 136 0 24 24
124 137 29 0 29
125 48 14 0 0
125 103 0 16 0
125 130 29 0 29
125 131 0 23 23
126 127 0 0 31
126 128 0 0 32
127 127 20 0 0
128 129 20 0 0
129 129 20 0 0
130 133 0 0 31
130 134 0 0 32
131 132 0 17 0
132 132 0 17 0
133 133 20 0 0
134 135 20 0 0
135 135 20 0 0
136 141 0 0 25
136 142 0 0 26
137 138 0 0 31
137 139 0 0 32
138 138 20 0 0
139 140 20 0 0
140 140 20 0 0
141 142 0 0 27
142 142 0 28 0
143 143 0 33 0
144 144 33 0 0
145 146 33 0 0
146 146 33 0 0
147 147 0 33 0
148 70 0 12 0
148 154 30 0 30
148 155 0 24 24
148 25 10 0 0
149 70 0 16 0
149 71 30 0 30
149 48 10 0 0
149 72 0 23 23
150 151 0 0 31
150 152 0 0 32
151 151 33 0 0
152 153 33 0 0
153 153 33 0 0
154 158 33 0 0
155 156 0 0 25
155 157 0 0 26
156 157 0 0 27
157 157 0 28 0
158 158 33 0 0
159 160 3 0 3
159 161 0 21 21
159 79 6 0 6
159 29 0 22 22
160 1 14 0 0
160 124 0 22 22
160 125 0 21 21
160 126 29 0 29
161 63 3 0 3
161 64 0 16 0
161 65 6 0 6
161 66 0 23 23
162 162 28 0 0
163 165 0 17 0
164 164 0 17 0
165 165 0 17 0
166 166 28 0 0
167 30 0 22 22
167 43 7 0 7
167 168 0 21 21
167 169 8 0 8
168 31 0 16 0
168 51 7 0 7
168 52 8 0 8
168 53 0 23 23
169 21 15 0 15
169 22 0 21 21
169 1 16 0 0
169 23 0 22 22
170 25 14 0 0
170 103 0 12 0
170 136 0 24 24
170 137 29 0 29
171 172 0 0 25
171 173 0 0 26
172 173 0 0 27
173 173 0 28 0
174 174 17 0 0
175 175 17 0 0
176 190 3 0 3
176 191 0 13 13
176 192 6 0 6
176 64 0 14 0
177 178 7 0 7
177 179 0 13 13
177 180 8 0 8
177 31 0 14 0
178 184 11 0 11
178 13 12 0 0
178 37 0 14 0
178 185 0 13 13
179 181 0 0 18
179 182 0 0 19
180 12 15 0 15
180 13 16 0 0
180 14 0 14 0
180 15 0 13 13
181 183 0 20 0
182 182 0 20 0
183 183 0 20 0
184 189 28 0 0
185 186 0 0 18
185 187 0 0 19
186 188 0 20 0
187 187 0 20 0
188 188 0 20 0
189 189 28 0 0
190 13 14 0 0
190 116 0 13 13
190 103 0 14 0
190 117 29 0 29
191 193 0 0 18
191 194 0 0 19
192 84 0 13 13
192 85 30 0 30
192 70 0 14 0
192 13 10 0 0
193 195 0 20 0
194 194 0 20 0
195 195 0 20 0
196 196 17 0 0
197 200 17 0 0
198 199 0 33 0
199 199 0 33 0
200 200 17 0 0
201 201 17 0 0
202 209 28 0 0
203 205 0 9 9
203 206 11 0 11
203 37 0 10 0
203 97 12 0 0
204 184 11 0 11
204 13 12 0 0
204 37 0 14 0
204 185 0 13 13
205 208 0 33 0
206 207 28 0 0
207 207 28 0 0
208 208 0 33 0
209 209 28 0 0
210 212 0 33 0
211 197 15 0 15
211 198 0 9 9
211 14 0 10 0
211 97 16 0 0
212 212 0 33 0
213 2 14 0 0
213 110 0 4 4
213 111 0 5 5
213 112 29 0 29
214 190 3 0 3
214 191 0 13 13
214 192 6 0 6
214 64 0 14 0
18
1 0
6 1 2 97 13 48 25
22 3 29 159 161 171 172 173 176 49 191 64 193 66 67 68 69 194 195 214 98 100 101
22 4 5 7 30 31 34 35 36 167 168 177 50 179 53 54 55 56 181 182 183 210 212
22 6 32 163 164 37 165 39 40 41 43 45 46 178 51 185 186 187 188 203 204 205 208
6 33 8 169 211 180 52
6 197 9 12 21 24 57
20 10 11 14 15 16 17 18 19 20 22 23 26 27 28 58 59 60 61 198 199
6 38 202 44 206 47 184
6 162 166 42 207 209 189
6 196 200 201 174 175 62
6 160 99 170 213 190 63
22 147 148 149 155 156 157 192 65 70 72 73 74 75 79 80 81 83 84 89 90 91 95
6 96 71 82 85 150 154
16 153 76 77 78 144 145 146 152 86 87 88 151 158 92 93 94
18 131 132 102 103 136 108 109 110 111 141 142 143 116 121 122 123 124 125
6 130 104 137 112 117 126
18 128 129 133 134 135 105 106 107 138 139 140 113 114 115 118 119 120 127
18
1 0
21 128 1 129 19 21 150 151 152 153 159 160 166 167 169 43 44 175 79 108 126 127
21 2 3 4 6 8 9 20 201 202 80 209 82 213 92 93 94 109 112 113 114 115
21 5 10 144 145 146 197 200 203 206 207 81 211 96 97 98 99 104 105 106 107 110
6 7 11 204 111 83 214
19 12 13 176 177 178 180 184 189 190 192 196 85 86 87 88 117 118 119 120
6 64 37 70 103 14 31
6 15 179 116 84 185 191
18 121 193 194 195 122 186 123 187 16 17 18 181 182 183 89 90 91 188
6 161 168 45 149 22 125
19 137 138 139 140 148 23 24 25 154 29 158 30 32 33 38 42 170 174 124
6 34 39 136 171 26 155
12 35 36 40 41 172 141 142 173 156 27 28 157
6 66 131 72 46 53 58
19 130 133 134 135 162 47 48 49 50 51 52 57 62 63 65 71 76 77 78
16 67 68 69 132 163 164 73 74 75 165 54 55 56 59 60 61
6 100 198 102 205 210 95
6 101 199 143 208 147 212
12
1 0
96 1 2 3 4 5 6 7 8 10 11 13 14 17 19 20 22 23 25 28 29 30 31 32 33 36 37 41 43 45 48 49 50 51 52 55 60 63 64 65 68 70 74 76 79 80 81 83 86 90 92 97 98 99 103 105 108 109 110 111 113 118 122 124 125 127 133 138 142 144 148 149 151 157 159 160 161 164 167 168 169 170 173 176 177 178 180 182 187 190 192 194 203 204 211 213 214
24 9 12 21 24 162 38 166 42 44 174 47 175 184 57 189 62 196 197 200 201 202 206 207 209
18 191 100 101 102 198 199 205 15 143 208 210 147 84 116 179 212 185 95
6 121 193 16 181 89 186
6 195 91 18 183 123 188
13 34 66 58 131 132 39 72 136 171 46 53 26 155
11 35 67 163 40 59 73 172 141 54 27 156
5 69 165 75 56 61
13 96 130 71 104 137 112 82 85 117 150 154 158 126
11 128 134 106 139 77 145 114 119 87 152 93
11 129 135 107 140 78 146 115 88 153 120 94
11
77
87
93
106
114
119
128
134
139
145
152
2
