1557
1
5150
0 1 0
0 2 0
0 3 0
0 4 0
0 5 0
0 6 0
1 7 1
1 8 1
1 9 0
1 10 0
1 11 0
1 12 0
2 13 1
2 14 1
2 15 0
2 16 0
2 17 0
2 18 0
3 19 0
3 20 0
3 21 2
3 22 2
3 23 0
3 24 0
4 19 0
4 20 0
4 21 2
4 22 2
4 23 0
4 24 0
5 25 0
5 26 0
5 27 0
5 28 0
5 29 3
5 30 3
6 25 0
6 26 0
6 27 0
6 28 0
6 29 3
6 30 3
7 31 4
7 32 5
7 33 0
7 34 0
7 35 0
7 36 0
8 37 4
8 38 5
8 39 0
8 40 0
8 41 0
8 42 0
9 43 1
9 44 1
9 45 2
9 46 2
9 47 0
9 48 0
10 43 1
10 44 1
10 45 2
10 46 2
10 47 0
10 48 0
11 49 1
11 50 1
11 51 0
11 52 0
11 53 3
11 54 3
12 49 1
12 50 1
12 51 0
12 52 0
12 53 3
12 54 3
13 55 4
13 56 5
13 57 0
13 58 0
13 59 0
13 60 0
14 61 4
14 62 5
14 63 0
14 64 0
14 65 0
14 66 0
15 67 1
15 68 1
15 69 2
15 70 2
15 71 0
15 72 0
16 67 1
16 68 1
16 69 2
16 70 2
16 71 0
16 72 0
17 73 1
17 74 1
17 75 0
17 76 0
17 77 3
17 78 3
18 73 1
18 74 1
18 75 0
18 76 0
18 77 3
18 78 3
19 43 1
19 44 1
19 45 2
19 46 2
19 47 0
19 48 0
20 67 1
20 68 1
20 69 2
20 70 2
20 71 0
20 72 0
21 79 0
21 80 0
21 81 6
21 82 7
21 83 0
21 84 0
22 85 0
22 86 0
22 87 6
22 88 7
22 89 0
22 90 0
23 91 0
23 92 0
23 93 2
23 94 2
23 95 3
23 96 3
24 91 0
24 92 0
24 93 2
24 94 2
24 95 3
24 96 3
25 49 1
25 50 1
25 51 0
25 52 0
25 53 3
25 54 3
26 73 1
26 74 1
26 75 0
26 76 0
26 77 3
26 78 3
27 91 0
27 92 0
27 93 2
27 94 2
27 95 3
27 96 3
28 91 0
28 92 0
28 93 2
28 94 2
28 95 3
28 96 3
29 97 0
29 98 0
29 99 0
29 100 0
29 101 8
29 102 9
30 103 0
30 104 0
30 105 0
30 106 0
30 107 8
30 108 9
31 109 0
31 110 0
31 111 0
31 112 0
32 113 0
32 114 0
32 115 0
32 116 0
33 117 4
33 118 5
33 119 2
33 120 2
33 121 0
33 122 0
34 117 4
34 118 5
34 119 2
34 120 2
34 121 0
34 122 0
35 123 4
35 124 5
35 125 0
35 126 0
35 127 3
35 128 3
36 123 4
36 124 5
36 125 0
36 126 0
36 127 3
36 128 3
37 129 0
37 130 0
37 131 0
37 132 0
38 133 0
38 134 0
38 135 0
38 136 0
39 137 4
39 138 5
39 139 2
39 140 2
39 141 0
39 142 0
40 137 4
40 138 5
40 139 2
40 140 2
40 141 0
40 142 0
41 143 4
41 144 5
41 145 0
41 146 0
41 147 3
41 148 3
42 143 4
42 144 5
42 145 0
42 146 0
42 147 3
42 148 3
43 117 4
43 118 5
43 119 2
43 120 2
43 121 0
43 122 0
44 137 4
44 138 5
44 139 2
44 140 2
44 141 0
44 142 0
45 119 1
45 139 1
45 149 6
45 150 7
45 151 0
45 152 0
46 120 1
46 140 1
46 153 6
46 154 7
46 155 0
46 156 0
47 157 1
47 158 1
47 159 2
47 160 2
47 161 3
47 162 3
48 157 1
48 158 1
48 159 2
48 160 2
48 161 3
48 162 3
49 123 4
49 124 5
49 125 0
49 126 0
49 127 3
49 128 3
50 143 4
50 144 5
50 145 0
50 146 0
50 147 3
50 148 3
51 157 1
51 158 1
51 159 2
51 160 2
51 161 3
51 162 3
52 157 1
52 158 1
52 159 2
52 160 2
52 161 3
52 162 3
53 127 1
53 147 1
53 163 0
53 164 0
53 165 8
53 166 9
54 128 1
54 148 1
54 167 0
54 168 0
54 169 8
54 170 9
55 171 0
55 172 0
55 173 0
55 174 0
56 175 0
56 176 0
56 177 0
56 178 0
57 179 4
57 180 5
57 181 2
57 182 2
57 183 0
57 184 0
58 179 4
58 180 5
58 181 2
58 182 2
58 183 0
58 184 0
59 185 4
59 186 5
59 187 0
59 188 0
59 189 3
59 190 3
60 185 4
60 186 5
60 187 0
60 188 0
60 189 3
60 190 3
61 191 0
61 192 0
61 193 0
61 194 0
62 195 0
62 196 0
62 197 0
62 198 0
63 199 4
63 200 5
63 201 2
63 202 2
63 203 0
63 204 0
64 199 4
64 200 5
64 201 2
64 202 2
64 203 0
64 204 0
65 205 4
65 206 5
65 207 0
65 208 0
65 209 3
65 210 3
66 205 4
66 206 5
66 207 0
66 208 0
66 209 3
66 210 3
67 179 4
67 180 5
67 181 2
67 182 2
67 183 0
67 184 0
68 199 4
68 200 5
68 201 2
68 202 2
68 203 0
68 204 0
69 181 1
69 201 1
69 211 6
69 212 7
69 213 0
69 214 0
70 182 1
70 202 1
70 215 6
70 216 7
70 217 0
70 218 0
71 219 1
71 220 1
71 221 2
71 222 2
71 223 3
71 224 3
72 219 1
72 220 1
72 221 2
72 222 2
72 223 3
72 224 3
73 185 4
73 186 5
73 187 0
73 188 0
73 189 3
73 190 3
74 205 4
74 206 5
74 207 0
74 208 0
74 209 3
74 210 3
75 219 1
75 220 1
75 221 2
75 222 2
75 223 3
75 224 3
76 219 1
76 220 1
76 221 2
76 222 2
76 223 3
76 224 3
77 189 1
77 209 1
77 225 0
77 226 0
77 227 8
77 228 9
78 190 1
78 210 1
78 229 0
78 230 0
78 231 8
78 232 9
79 119 1
79 139 1
79 149 6
79 150 7
79 151 0
79 152 0
80 181 1
80 201 1
80 211 6
80 212 7
80 213 0
80 214 0
81 233 0
81 234 0
81 235 0
81 236 0
82 237 0
82 238 0
82 239 0
82 240 0
83 241 0
83 242 0
83 243 6
83 244 7
83 245 3
83 246 3
84 241 0
84 242 0
84 243 6
84 244 7
84 245 3
84 246 3
85 120 1
85 140 1
85 153 6
85 154 7
85 155 0
85 156 0
86 182 1
86 202 1
86 215 6
86 216 7
86 217 0
86 218 0
87 247 0
87 248 0
87 249 0
87 250 0
88 251 0
88 252 0
88 253 0
88 254 0
89 255 0
89 256 0
89 257 6
89 258 7
89 259 3
89 260 3
90 255 0
90 256 0
90 257 6
90 258 7
90 259 3
90 260 3
91 157 1
91 158 1
91 159 2
91 160 2
91 161 3
91 162 3
92 219 1
92 220 1
92 221 2
92 222 2
92 223 3
92 224 3
93 241 0
93 242 0
93 243 6
93 244 7
93 245 3
93 246 3
94 255 0
94 256 0
94 257 6
94 258 7
94 259 3
94 260 3
95 261 0
95 262 0
95 245 2
95 259 2
95 263 8
95 264 9
96 265 0
96 266 0
96 246 2
96 260 2
96 267 8
96 268 9
97 127 1
97 147 1
97 163 0
97 164 0
97 165 8
97 166 9
98 189 1
98 209 1
98 225 0
98 226 0
98 227 8
98 228 9
99 261 0
99 262 0
99 245 2
99 259 2
99 263 8
99 264 9
100 261 0
100 262 0
100 245 2
100 259 2
100 263 8
100 264 9
101 269 0
101 270 0
101 271 0
101 272 0
102 273 0
102 274 0
102 275 0
102 276 0
103 128 1
103 148 1
103 167 0
103 168 0
103 169 8
103 170 9
104 190 1
104 210 1
104 229 0
104 230 0
104 231 8
104 232 9
105 265 0
105 266 0
105 246 2
105 260 2
105 267 8
105 268 9
106 265 0
106 266 0
106 246 2
106 260 2
106 267 8
106 268 9
107 277 0
107 278 0
107 279 0
107 280 0
108 281 0
108 282 0
108 283 0
108 284 0
109 285 2
109 286 2
109 287 0
109 288 0
110 285 2
110 286 2
110 287 0
110 288 0
111 289 0
111 290 0
111 291 3
111 292 3
112 289 0
112 290 0
112 291 3
112 292 3
113 293 2
113 294 2
113 295 0
113 296 0
114 293 2
114 294 2
114 295 0
114 296 0
115 297 0
115 298 0
115 299 3
115 300 3
116 297 0
116 298 0
116 299 3
116 300 3
117 285 2
117 286 2
117 287 0
117 288 0
118 293 2
118 294 2
118 295 0
118 296 0
119 285 4
119 293 5
119 301 6
119 302 7
119 303 0
119 304 0
120 286 4
120 294 5
120 305 6
120 306 7
120 307 0
120 308 0
121 309 4
121 310 5
121 311 2
121 312 2
121 313 3
121 314 3
122 309 4
122 310 5
122 311 2
122 312 2
122 313 3
122 314 3
123 289 0
123 290 0
123 291 3
123 292 3
124 297 0
124 298 0
124 299 3
124 300 3
125 309 4
125 310 5
125 311 2
125 312 2
125 313 3
125 314 3
126 309 4
126 310 5
126 311 2
126 312 2
126 313 3
126 314 3
127 291 4
127 299 5
127 315 0
127 316 0
127 317 8
127 318 9
128 292 4
128 300 5
128 319 0
128 320 0
128 321 8
128 322 9
129 323 2
129 324 2
129 325 0
129 326 0
130 323 2
130 324 2
130 325 0
130 326 0
131 327 0
131 328 0
131 329 3
131 330 3
132 327 0
132 328 0
132 329 3
132 330 3
133 331 2
133 332 2
133 333 0
133 334 0
134 331 2
134 332 2
134 333 0
134 334 0
135 335 0
135 336 0
135 337 3
135 338 3
136 335 0
136 336 0
136 337 3
136 338 3
137 323 2
137 324 2
137 325 0
137 326 0
138 331 2
138 332 2
138 333 0
138 334 0
139 323 4
139 331 5
139 339 6
139 340 7
139 341 0
139 342 0
140 324 4
140 332 5
140 343 6
140 344 7
140 345 0
140 346 0
141 347 4
141 348 5
141 349 2
141 350 2
141 351 3
141 352 3
142 347 4
142 348 5
142 349 2
142 350 2
142 351 3
142 352 3
143 327 0
143 328 0
143 329 3
143 330 3
144 335 0
144 336 0
144 337 3
144 338 3
145 347 4
145 348 5
145 349 2
145 350 2
145 351 3
145 352 3
146 347 4
146 348 5
146 349 2
146 350 2
146 351 3
146 352 3
147 329 4
147 337 5
147 353 0
147 354 0
147 355 8
147 356 9
148 330 4
148 338 5
148 357 0
148 358 0
148 359 8
148 360 9
149 301 1
149 339 1
149 361 0
149 362 0
150 302 1
150 340 1
150 363 0
150 364 0
151 311 1
151 349 1
151 365 6
151 366 7
151 367 3
151 368 3
152 311 1
152 349 1
152 365 6
152 366 7
152 367 3
152 368 3
153 305 1
153 343 1
153 369 0
153 370 0
154 306 1
154 344 1
154 371 0
154 372 0
155 312 1
155 350 1
155 373 6
155 374 7
155 375 3
155 376 3
156 312 1
156 350 1
156 373 6
156 374 7
156 375 3
156 376 3
157 309 4
157 310 5
157 311 2
157 312 2
157 313 3
157 314 3
158 347 4
158 348 5
158 349 2
158 350 2
158 351 3
158 352 3
159 311 1
159 349 1
159 365 6
159 366 7
159 367 3
159 368 3
160 312 1
160 350 1
160 373 6
160 374 7
160 375 3
160 376 3
161 313 1
161 351 1
161 367 2
161 375 2
161 377 8
161 378 9
162 314 1
162 352 1
162 368 2
162 376 2
162 379 8
162 380 9
163 313 1
163 351 1
163 367 2
163 375 2
163 377 8
163 378 9
164 313 1
164 351 1
164 367 2
164 375 2
164 377 8
164 378 9
165 317 1
165 355 1
165 381 0
165 382 0
166 318 1
166 356 1
166 383 0
166 384 0
167 314 1
167 352 1
167 368 2
167 376 2
167 379 8
167 380 9
168 314 1
168 352 1
168 368 2
168 376 2
168 379 8
168 380 9
169 321 1
169 359 1
169 385 0
169 386 0
170 322 1
170 360 1
170 387 0
170 388 0
171 389 2
171 390 2
171 391 0
171 392 0
172 389 2
172 390 2
172 391 0
172 392 0
173 393 0
173 394 0
173 395 3
173 396 3
174 393 0
174 394 0
174 395 3
174 396 3
175 397 2
175 398 2
175 399 0
175 400 0
176 397 2
176 398 2
176 399 0
176 400 0
177 401 0
177 402 0
177 403 3
177 404 3
178 401 0
178 402 0
178 403 3
178 404 3
179 389 2
179 390 2
179 391 0
179 392 0
180 397 2
180 398 2
180 399 0
180 400 0
181 389 4
181 397 5
181 405 6
181 406 7
181 407 0
181 408 0
182 390 4
182 398 5
182 409 6
182 410 7
182 411 0
182 412 0
183 413 4
183 414 5
183 415 2
183 416 2
183 417 3
183 418 3
184 413 4
184 414 5
184 415 2
184 416 2
184 417 3
184 418 3
185 393 0
185 394 0
185 395 3
185 396 3
186 401 0
186 402 0
186 403 3
186 404 3
187 413 4
187 414 5
187 415 2
187 416 2
187 417 3
187 418 3
188 413 4
188 414 5
188 415 2
188 416 2
188 417 3
188 418 3
189 395 4
189 403 5
189 419 0
189 420 0
189 421 8
189 422 9
190 396 4
190 404 5
190 423 0
190 424 0
190 425 8
190 426 9
191 427 2
191 428 2
191 429 0
191 430 0
192 427 2
192 428 2
192 429 0
192 430 0
193 431 0
193 432 0
193 433 3
193 434 3
194 431 0
194 432 0
194 433 3
194 434 3
195 435 2
195 436 2
195 437 0
195 438 0
196 435 2
196 436 2
196 437 0
196 438 0
197 439 0
197 440 0
197 441 3
197 442 3
198 439 0
198 440 0
198 441 3
198 442 3
199 427 2
199 428 2
199 429 0
199 430 0
200 435 2
200 436 2
200 437 0
200 438 0
201 427 4
201 435 5
201 443 6
201 444 7
201 445 0
201 446 0
202 428 4
202 436 5
202 447 6
202 448 7
202 449 0
202 450 0
203 451 4
203 452 5
203 453 2
203 454 2
203 455 3
203 456 3
204 451 4
204 452 5
204 453 2
204 454 2
204 455 3
204 456 3
205 431 0
205 432 0
205 433 3
205 434 3
206 439 0
206 440 0
206 441 3
206 442 3
207 451 4
207 452 5
207 453 2
207 454 2
207 455 3
207 456 3
208 451 4
208 452 5
208 453 2
208 454 2
208 455 3
208 456 3
209 433 4
209 441 5
209 457 0
209 458 0
209 459 8
209 460 9
210 434 4
210 442 5
210 461 0
210 462 0
210 463 8
210 464 9
211 405 1
211 443 1
211 465 0
211 466 0
212 406 1
212 444 1
212 467 0
212 468 0
213 415 1
213 453 1
213 469 6
213 470 7
213 471 3
213 472 3
214 415 1
214 453 1
214 469 6
214 470 7
214 471 3
214 472 3
215 409 1
215 447 1
215 473 0
215 474 0
216 410 1
216 448 1
216 475 0
216 476 0
217 416 1
217 454 1
217 477 6
217 478 7
217 479 3
217 480 3
218 416 1
218 454 1
218 477 6
218 478 7
218 479 3
218 480 3
219 413 4
219 414 5
219 415 2
219 416 2
219 417 3
219 418 3
220 451 4
220 452 5
220 453 2
220 454 2
220 455 3
220 456 3
221 415 1
221 453 1
221 469 6
221 470 7
221 471 3
221 472 3
222 416 1
222 454 1
222 477 6
222 478 7
222 479 3
222 480 3
223 417 1
223 455 1
223 471 2
223 479 2
223 481 8
223 482 9
224 418 1
224 456 1
224 472 2
224 480 2
224 483 8
224 484 9
225 417 1
225 455 1
225 471 2
225 479 2
225 481 8
225 482 9
226 417 1
226 455 1
226 471 2
226 479 2
226 481 8
226 482 9
227 421 1
227 459 1
227 485 0
227 486 0
228 422 1
228 460 1
228 487 0
228 488 0
229 418 1
229 456 1
229 472 2
229 480 2
229 483 8
229 484 9
230 418 1
230 456 1
230 472 2
230 480 2
230 483 8
230 484 9
231 425 1
231 463 1
231 489 0
231 490 0
232 426 1
232 464 1
232 491 0
232 492 0
233 301 1
233 339 1
233 361 0
233 362 0
234 405 1
234 443 1
234 465 0
234 466 0
235 493 0
235 494 0
235 495 3
235 496 3
236 493 0
236 494 0
236 495 3
236 496 3
237 302 1
237 340 1
237 363 0
237 364 0
238 406 1
238 444 1
238 467 0
238 468 0
239 497 0
239 498 0
239 499 3
239 500 3
240 497 0
240 498 0
240 499 3
240 500 3
241 311 1
241 349 1
241 365 6
241 366 7
241 367 3
241 368 3
242 415 1
242 453 1
242 469 6
242 470 7
242 471 3
242 472 3
243 493 0
243 494 0
243 495 3
243 496 3
244 497 0
244 498 0
244 499 3
244 500 3
245 501 0
245 502 0
245 495 6
245 499 7
245 503 8
245 504 9
246 505 0
246 506 0
246 496 6
246 500 7
246 507 8
246 508 9
247 305 1
247 343 1
247 369 0
247 370 0
248 409 1
248 447 1
248 473 0
248 474 0
249 509 0
249 510 0
249 511 3
249 512 3
250 509 0
250 510 0
250 511 3
250 512 3
251 306 1
251 344 1
251 371 0
251 372 0
252 410 1
252 448 1
252 475 0
252 476 0
253 513 0
253 514 0
253 515 3
253 516 3
254 513 0
254 514 0
254 515 3
254 516 3
255 312 1
255 350 1
255 373 6
255 374 7
255 375 3
255 376 3
256 416 1
256 454 1
256 477 6
256 478 7
256 479 3
256 480 3
257 509 0
257 510 0
257 511 3
257 512 3
258 513 0
258 514 0
258 515 3
258 516 3
259 517 0
259 518 0
259 511 6
259 515 7
259 519 8
259 520 9
260 521 0
260 522 0
260 512 6
260 516 7
260 523 8
260 524 9
261 313 1
261 351 1
261 367 2
261 375 2
261 377 8
261 378 9
262 417 1
262 455 1
262 471 2
262 479 2
262 481 8
262 482 9
263 525 0
263 526 0
263 503 2
263 519 2
264 527 0
264 528 0
264 504 2
264 520 2
265 314 1
265 352 1
265 368 2
265 376 2
265 379 8
265 380 9
266 418 1
266 456 1
266 472 2
266 480 2
266 483 8
266 484 9
267 529 0
267 530 0
267 507 2
267 523 2
268 531 0
268 532 0
268 508 2
268 524 2
269 317 1
269 355 1
269 381 0
269 382 0
270 421 1
270 459 1
270 485 0
270 486 0
271 525 0
271 526 0
271 503 2
271 519 2
272 525 0
272 526 0
272 503 2
272 519 2
273 318 1
273 356 1
273 383 0
273 384 0
274 422 1
274 460 1
274 487 0
274 488 0
275 527 0
275 528 0
275 504 2
275 520 2
276 527 0
276 528 0
276 504 2
276 520 2
277 321 1
277 359 1
277 385 0
277 386 0
278 425 1
278 463 1
278 489 0
278 490 0
279 529 0
279 530 0
279 507 2
279 523 2
280 529 0
280 530 0
280 507 2
280 523 2
281 322 1
281 360 1
281 387 0
281 388 0
282 426 1
282 464 1
282 491 0
282 492 0
283 531 0
283 532 0
283 508 2
283 524 2
284 531 0
284 532 0
284 508 2
284 524 2
285 533 6
285 534 7
285 535 0
285 536 0
286 537 6
286 538 7
286 539 0
286 540 0
287 541 2
287 542 2
287 543 3
287 544 3
288 541 2
288 542 2
288 543 3
288 544 3
289 541 2
289 542 2
289 543 3
289 544 3
290 541 2
290 542 2
290 543 3
290 544 3
291 545 0
291 546 0
291 547 8
291 548 9
292 549 0
292 550 0
292 551 8
292 552 9
293 553 6
293 554 7
293 555 0
293 556 0
294 557 6
294 558 7
294 559 0
294 560 0
295 561 2
295 562 2
295 563 3
295 564 3
296 561 2
296 562 2
296 563 3
296 564 3
297 561 2
297 562 2
297 563 3
297 564 3
298 561 2
298 562 2
298 563 3
298 564 3
299 565 0
299 566 0
299 567 8
299 568 9
300 569 0
300 570 0
300 571 8
300 572 9
301 533 4
301 553 5
301 573 0
301 574 0
302 534 4
302 554 5
302 575 0
302 576 0
303 541 4
303 561 5
303 577 6
303 578 7
303 579 3
303 580 3
304 541 4
304 561 5
304 577 6
304 578 7
304 579 3
304 580 3
305 537 4
305 557 5
305 581 0
305 582 0
306 538 4
306 558 5
306 583 0
306 584 0
307 542 4
307 562 5
307 585 6
307 586 7
307 587 3
307 588 3
308 542 4
308 562 5
308 585 6
308 586 7
308 587 3
308 588 3
309 541 2
309 542 2
309 543 3
309 544 3
310 561 2
310 562 2
310 563 3
310 564 3
311 541 4
311 561 5
311 577 6
311 578 7
311 579 3
311 580 3
312 542 4
312 562 5
312 585 6
312 586 7
312 587 3
312 588 3
313 543 4
313 563 5
313 579 2
313 587 2
313 589 8
313 590 9
314 544 4
314 564 5
314 580 2
314 588 2
314 591 8
314 592 9
315 543 4
315 563 5
315 579 2
315 587 2
315 589 8
315 590 9
316 543 4
316 563 5
316 579 2
316 587 2
316 589 8
316 590 9
317 547 4
317 567 5
317 593 0
317 594 0
318 548 4
318 568 5
318 595 0
318 596 0
319 544 4
319 564 5
319 580 2
319 588 2
319 591 8
319 592 9
320 544 4
320 564 5
320 580 2
320 588 2
320 591 8
320 592 9
321 551 4
321 571 5
321 597 0
321 598 0
322 552 4
322 572 5
322 599 0
322 600 0
323 601 6
323 602 7
323 603 0
323 604 0
324 605 6
324 606 7
324 607 0
324 608 0
325 609 2
325 610 2
325 611 3
325 612 3
326 609 2
326 610 2
326 611 3
326 612 3
327 609 2
327 610 2
327 611 3
327 612 3
328 609 2
328 610 2
328 611 3
328 612 3
329 613 0
329 614 0
329 615 8
329 616 9
330 617 0
330 618 0
330 619 8
330 620 9
331 621 6
331 622 7
331 623 0
331 624 0
332 625 6
332 626 7
332 627 0
332 628 0
333 629 2
333 630 2
333 631 3
333 632 3
334 629 2
334 630 2
334 631 3
334 632 3
335 629 2
335 630 2
335 631 3
335 632 3
336 629 2
336 630 2
336 631 3
336 632 3
337 633 0
337 634 0
337 635 8
337 636 9
338 637 0
338 638 0
338 639 8
338 640 9
339 601 4
339 621 5
339 641 0
339 642 0
340 602 4
340 622 5
340 643 0
340 644 0
341 609 4
341 629 5
341 645 6
341 646 7
341 647 3
341 648 3
342 609 4
342 629 5
342 645 6
342 646 7
342 647 3
342 648 3
343 605 4
343 625 5
343 649 0
343 650 0
344 606 4
344 626 5
344 651 0
344 652 0
345 610 4
345 630 5
345 653 6
345 654 7
345 655 3
345 656 3
346 610 4
346 630 5
346 653 6
346 654 7
346 655 3
346 656 3
347 609 2
347 610 2
347 611 3
347 612 3
348 629 2
348 630 2
348 631 3
348 632 3
349 609 4
349 629 5
349 645 6
349 646 7
349 647 3
349 648 3
350 610 4
350 630 5
350 653 6
350 654 7
350 655 3
350 656 3
351 611 4
351 631 5
351 647 2
351 655 2
351 657 8
351 658 9
352 612 4
352 632 5
352 648 2
352 656 2
352 659 8
352 660 9
353 611 4
353 631 5
353 647 2
353 655 2
353 657 8
353 658 9
354 611 4
354 631 5
354 647 2
354 655 2
354 657 8
354 658 9
355 615 4
355 635 5
355 661 0
355 662 0
356 616 4
356 636 5
356 663 0
356 664 0
357 612 4
357 632 5
357 648 2
357 656 2
357 659 8
357 660 9
358 612 4
358 632 5
358 648 2
358 656 2
358 659 8
358 660 9
359 619 4
359 639 5
359 665 0
359 666 0
360 620 4
360 640 5
360 667 0
360 668 0
361 577 1
361 645 1
361 669 3
361 670 3
362 577 1
362 645 1
362 669 3
362 670 3
363 578 1
363 646 1
363 671 3
363 672 3
364 578 1
364 646 1
364 671 3
364 672 3
365 577 1
365 645 1
365 669 3
365 670 3
366 578 1
366 646 1
366 671 3
366 672 3
367 579 1
367 647 1
367 669 6
367 671 7
367 673 8
367 674 9
368 580 1
368 648 1
368 670 6
368 672 7
368 675 8
368 676 9
369 585 1
369 653 1
369 677 3
369 678 3
370 585 1
370 653 1
370 677 3
370 678 3
371 586 1
371 654 1
371 679 3
371 680 3
372 586 1
372 654 1
372 679 3
372 680 3
373 585 1
373 653 1
373 677 3
373 678 3
374 586 1
374 654 1
374 679 3
374 680 3
375 587 1
375 655 1
375 677 6
375 679 7
375 681 8
375 682 9
376 588 1
376 656 1
376 678 6
376 680 7
376 683 8
376 684 9
377 589 1
377 657 1
377 673 2
377 681 2
378 590 1
378 658 1
378 674 2
378 682 2
379 591 1
379 659 1
379 675 2
379 683 2
380 592 1
380 660 1
380 676 2
380 684 2
381 589 1
381 657 1
381 673 2
381 681 2
382 589 1
382 657 1
382 673 2
382 681 2
383 590 1
383 658 1
383 674 2
383 682 2
384 590 1
384 658 1
384 674 2
384 682 2
385 591 1
385 659 1
385 675 2
385 683 2
386 591 1
386 659 1
386 675 2
386 683 2
387 592 1
387 660 1
387 676 2
387 684 2
388 592 1
388 660 1
388 676 2
388 684 2
389 685 6
389 686 7
389 687 0
389 688 0
390 689 6
390 690 7
390 691 0
390 692 0
391 693 2
391 694 2
391 695 3
391 696 3
392 693 2
392 694 2
392 695 3
392 696 3
393 693 2
393 694 2
393 695 3
393 696 3
394 693 2
394 694 2
394 695 3
394 696 3
395 697 0
395 698 0
395 699 8
395 700 9
396 701 0
396 702 0
396 703 8
396 704 9
397 705 6
397 706 7
397 707 0
397 708 0
398 709 6
398 710 7
398 711 0
398 712 0
399 713 2
399 714 2
399 715 3
399 716 3
400 713 2
400 714 2
400 715 3
400 716 3
401 713 2
401 714 2
401 715 3
401 716 3
402 713 2
402 714 2
402 715 3
402 716 3
403 717 0
403 718 0
403 719 8
403 720 9
404 721 0
404 722 0
404 723 8
404 724 9
405 685 4
405 705 5
405 725 0
405 726 0
406 686 4
406 706 5
406 727 0
406 728 0
407 693 4
407 713 5
407 729 6
407 730 7
407 731 3
407 732 3
408 693 4
408 713 5
408 729 6
408 730 7
408 731 3
408 732 3
409 689 4
409 709 5
409 733 0
409 734 0
410 690 4
410 710 5
410 735 0
410 736 0
411 694 4
411 714 5
411 737 6
411 738 7
411 739 3
411 740 3
412 694 4
412 714 5
412 737 6
412 738 7
412 739 3
412 740 3
413 693 2
413 694 2
413 695 3
413 696 3
414 713 2
414 714 2
414 715 3
414 716 3
415 693 4
415 713 5
415 729 6
415 730 7
415 731 3
415 732 3
416 694 4
416 714 5
416 737 6
416 738 7
416 739 3
416 740 3
417 695 4
417 715 5
417 731 2
417 739 2
417 741 8
417 742 9
418 696 4
418 716 5
418 732 2
418 740 2
418 743 8
418 744 9
419 695 4
419 715 5
419 731 2
419 739 2
419 741 8
419 742 9
420 695 4
420 715 5
420 731 2
420 739 2
420 741 8
420 742 9
421 699 4
421 719 5
421 745 0
421 746 0
422 700 4
422 720 5
422 747 0
422 748 0
423 696 4
423 716 5
423 732 2
423 740 2
423 743 8
423 744 9
424 696 4
424 716 5
424 732 2
424 740 2
424 743 8
424 744 9
425 703 4
425 723 5
425 749 0
425 750 0
426 704 4
426 724 5
426 751 0
426 752 0
427 753 6
427 754 7
427 755 0
427 756 0
428 757 6
428 758 7
428 759 0
428 760 0
429 761 2
429 762 2
429 763 3
429 764 3
430 761 2
430 762 2
430 763 3
430 764 3
431 761 2
431 762 2
431 763 3
431 764 3
432 761 2
432 762 2
432 763 3
432 764 3
433 765 0
433 766 0
433 767 8
433 768 9
434 769 0
434 770 0
434 771 8
434 772 9
435 773 6
435 774 7
435 775 0
435 776 0
436 777 6
436 778 7
436 779 0
436 780 0
437 781 2
437 782 2
437 783 3
437 784 3
438 781 2
438 782 2
438 783 3
438 784 3
439 781 2
439 782 2
439 783 3
439 784 3
440 781 2
440 782 2
440 783 3
440 784 3
441 785 0
441 786 0
441 787 8
441 788 9
442 789 0
442 790 0
442 791 8
442 792 9
443 753 4
443 773 5
443 793 0
443 794 0
444 754 4
444 774 5
444 795 0
444 796 0
445 761 4
445 781 5
445 797 6
445 798 7
445 799 3
445 800 3
446 761 4
446 781 5
446 797 6
446 798 7
446 799 3
446 800 3
447 757 4
447 777 5
447 801 0
447 802 0
448 758 4
448 778 5
448 803 0
448 804 0
449 762 4
449 782 5
449 805 6
449 806 7
449 807 3
449 808 3
450 762 4
450 782 5
450 805 6
450 806 7
450 807 3
450 808 3
451 761 2
451 762 2
451 763 3
451 764 3
452 781 2
452 782 2
452 783 3
452 784 3
453 761 4
453 781 5
453 797 6
453 798 7
453 799 3
453 800 3
454 762 4
454 782 5
454 805 6
454 806 7
454 807 3
454 808 3
455 763 4
455 783 5
455 799 2
455 807 2
455 809 8
455 810 9
456 764 4
456 784 5
456 800 2
456 808 2
456 811 8
456 812 9
457 763 4
457 783 5
457 799 2
457 807 2
457 809 8
457 810 9
458 763 4
458 783 5
458 799 2
458 807 2
458 809 8
458 810 9
459 767 4
459 787 5
459 813 0
459 814 0
460 768 4
460 788 5
460 815 0
460 816 0
461 764 4
461 784 5
461 800 2
461 808 2
461 811 8
461 812 9
462 764 4
462 784 5
462 800 2
462 808 2
462 811 8
462 812 9
463 771 4
463 791 5
463 817 0
463 818 0
464 772 4
464 792 5
464 819 0
464 820 0
465 729 1
465 797 1
465 821 3
465 822 3
466 729 1
466 797 1
466 821 3
466 822 3
467 730 1
467 798 1
467 823 3
467 824 3
468 730 1
468 798 1
468 823 3
468 824 3
469 729 1
469 797 1
469 821 3
469 822 3
470 730 1
470 798 1
470 823 3
470 824 3
471 731 1
471 799 1
471 821 6
471 823 7
471 825 8
471 826 9
472 732 1
472 800 1
472 822 6
472 824 7
472 827 8
472 828 9
473 737 1
473 805 1
473 829 3
473 830 3
474 737 1
474 805 1
474 829 3
474 830 3
475 738 1
475 806 1
475 831 3
475 832 3
476 738 1
476 806 1
476 831 3
476 832 3
477 737 1
477 805 1
477 829 3
477 830 3
478 738 1
478 806 1
478 831 3
478 832 3
479 739 1
479 807 1
479 829 6
479 831 7
479 833 8
479 834 9
480 740 1
480 808 1
480 830 6
480 832 7
480 835 8
480 836 9
481 741 1
481 809 1
481 825 2
481 833 2
482 742 1
482 810 1
482 826 2
482 834 2
483 743 1
483 811 1
483 827 2
483 835 2
484 744 1
484 812 1
484 828 2
484 836 2
485 741 1
485 809 1
485 825 2
485 833 2
486 741 1
486 809 1
486 825 2
486 833 2
487 742 1
487 810 1
487 826 2
487 834 2
488 742 1
488 810 1
488 826 2
488 834 2
489 743 1
489 811 1
489 827 2
489 835 2
490 743 1
490 811 1
490 827 2
490 835 2
491 744 1
491 812 1
491 828 2
491 836 2
492 744 1
492 812 1
492 828 2
492 836 2
493 577 1
493 645 1
493 669 3
493 670 3
494 729 1
494 797 1
494 821 3
494 822 3
495 837 0
495 838 0
495 839 8
495 840 9
496 841 0
496 842 0
496 843 8
496 844 9
497 578 1
497 646 1
497 671 3
497 672 3
498 730 1
498 798 1
498 823 3
498 824 3
499 845 0
499 846 0
499 847 8
499 848 9
500 849 0
500 850 0
500 851 8
500 852 9
501 579 1
501 647 1
501 669 6
501 671 7
501 673 8
501 674 9
502 731 1
502 799 1
502 821 6
502 823 7
502 825 8
502 826 9
503 853 0
503 854 0
503 839 6
503 847 7
504 855 0
504 856 0
504 840 6
504 848 7
505 580 1
505 648 1
505 670 6
505 672 7
505 675 8
505 676 9
506 732 1
506 800 1
506 822 6
506 824 7
506 827 8
506 828 9
507 857 0
507 858 0
507 843 6
507 851 7
508 859 0
508 860 0
508 844 6
508 852 7
509 585 1
509 653 1
509 677 3
509 678 3
510 737 1
510 805 1
510 829 3
510 830 3
511 861 0
511 862 0
511 863 8
511 864 9
512 865 0
512 866 0
512 867 8
512 868 9
513 586 1
513 654 1
513 679 3
513 680 3
514 738 1
514 806 1
514 831 3
514 832 3
515 869 0
515 870 0
515 871 8
515 872 9
516 873 0
516 874 0
516 875 8
516 876 9
517 587 1
517 655 1
517 677 6
517 679 7
517 681 8
517 682 9
518 739 1
518 807 1
518 829 6
518 831 7
518 833 8
518 834 9
519 877 0
519 878 0
519 863 6
519 871 7
520 879 0
520 880 0
520 864 6
520 872 7
521 588 1
521 656 1
521 678 6
521 680 7
521 683 8
521 684 9
522 740 1
522 808 1
522 830 6
522 832 7
522 835 8
522 836 9
523 881 0
523 882 0
523 867 6
523 875 7
524 883 0
524 884 0
524 868 6
524 876 7
525 589 1
525 657 1
525 673 2
525 681 2
526 741 1
526 809 1
526 825 2
526 833 2
527 590 1
527 658 1
527 674 2
527 682 2
528 742 1
528 810 1
528 826 2
528 834 2
529 591 1
529 659 1
529 675 2
529 683 2
530 743 1
530 811 1
530 827 2
530 835 2
531 592 1
531 660 1
531 676 2
531 684 2
532 744 1
532 812 1
532 828 2
532 836 2
533 885 0
533 886 0
534 887 0
534 888 0
535 889 6
535 890 7
535 891 3
535 892 3
536 889 6
536 890 7
536 891 3
536 892 3
537 893 0
537 894 0
538 895 0
538 896 0
539 897 6
539 898 7
539 899 3
539 900 3
540 897 6
540 898 7
540 899 3
540 900 3
541 889 6
541 890 7
541 891 3
541 892 3
542 897 6
542 898 7
542 899 3
542 900 3
543 891 2
543 899 2
543 901 8
543 902 9
544 892 2
544 900 2
544 903 8
544 904 9
545 891 2
545 899 2
545 901 8
545 902 9
546 891 2
546 899 2
546 901 8
546 902 9
547 905 0
547 906 0
548 907 0
548 908 0
549 892 2
549 900 2
549 903 8
549 904 9
550 892 2
550 900 2
550 903 8
550 904 9
551 909 0
551 910 0
552 911 0
552 912 0
553 913 0
553 914 0
554 915 0
554 916 0
555 917 6
555 918 7
555 919 3
555 920 3
556 917 6
556 918 7
556 919 3
556 920 3
557 921 0
557 922 0
558 923 0
558 924 0
559 925 6
559 926 7
559 927 3
559 928 3
560 925 6
560 926 7
560 927 3
560 928 3
561 917 6
561 918 7
561 919 3
561 920 3
562 925 6
562 926 7
562 927 3
562 928 3
563 919 2
563 927 2
563 929 8
563 930 9
564 920 2
564 928 2
564 931 8
564 932 9
565 919 2
565 927 2
565 929 8
565 930 9
566 919 2
566 927 2
566 929 8
566 930 9
567 933 0
567 934 0
568 935 0
568 936 0
569 920 2
569 928 2
569 931 8
569 932 9
570 920 2
570 928 2
570 931 8
570 932 9
571 937 0
571 938 0
572 939 0
572 940 0
573 889 4
573 917 5
573 941 3
573 942 3
574 889 4
574 917 5
574 941 3
574 942 3
575 890 4
575 918 5
575 943 3
575 944 3
576 890 4
576 918 5
576 943 3
576 944 3
577 889 4
577 917 5
577 941 3
577 942 3
578 890 4
578 918 5
578 943 3
578 944 3
579 891 4
579 919 5
579 941 6
579 943 7
579 945 8
579 946 9
580 892 4
580 920 5
580 942 6
580 944 7
580 947 8
580 948 9
581 897 4
581 925 5
581 949 3
581 950 3
582 897 4
582 925 5
582 949 3
582 950 3
583 898 4
583 926 5
583 951 3
583 952 3
584 898 4
584 926 5
584 951 3
584 952 3
585 897 4
585 925 5
585 949 3
585 950 3
586 898 4
586 926 5
586 951 3
586 952 3
587 899 4
587 927 5
587 949 6
587 951 7
587 953 8
587 954 9
588 900 4
588 928 5
588 950 6
588 952 7
588 955 8
588 956 9
589 901 4
589 929 5
589 945 2
589 953 2
590 902 4
590 930 5
590 946 2
590 954 2
591 903 4
591 931 5
591 947 2
591 955 2
592 904 4
592 932 5
592 948 2
592 956 2
593 901 4
593 929 5
593 945 2
593 953 2
594 901 4
594 929 5
594 945 2
594 953 2
595 902 4
595 930 5
595 946 2
595 954 2
596 902 4
596 930 5
596 946 2
596 954 2
597 903 4
597 931 5
597 947 2
597 955 2
598 903 4
598 931 5
598 947 2
598 955 2
599 904 4
599 932 5
599 948 2
599 956 2
600 904 4
600 932 5
600 948 2
600 956 2
601 957 0
601 958 0
602 959 0
602 960 0
603 961 6
603 962 7
603 963 3
603 964 3
604 961 6
604 962 7
604 963 3
604 964 3
605 965 0
605 966 0
606 967 0
606 968 0
607 969 6
607 970 7
607 971 3
607 972 3
608 969 6
608 970 7
608 971 3
608 972 3
609 961 6
609 962 7
609 963 3
609 964 3
610 969 6
610 970 7
610 971 3
610 972 3
611 963 2
611 971 2
611 973 8
611 974 9
612 964 2
612 972 2
612 975 8
612 976 9
613 963 2
613 971 2
613 973 8
613 974 9
614 963 2
614 971 2
614 973 8
614 974 9
615 977 0
615 978 0
616 979 0
616 980 0
617 964 2
617 972 2
617 975 8
617 976 9
618 964 2
618 972 2
618 975 8
618 976 9
619 981 0
619 982 0
620 983 0
620 984 0
621 985 0
621 986 0
622 987 0
622 988 0
623 989 6
623 990 7
623 991 3
623 992 3
624 989 6
624 990 7
624 991 3
624 992 3
625 993 0
625 994 0
626 995 0
626 996 0
627 997 6
627 998 7
627 999 3
627 1000 3
628 997 6
628 998 7
628 999 3
628 1000 3
629 989 6
629 990 7
629 991 3
629 992 3
630 997 6
630 998 7
630 999 3
630 1000 3
631 991 2
631 999 2
631 1001 8
631 1002 9
632 992 2
632 1000 2
632 1003 8
632 1004 9
633 991 2
633 999 2
633 1001 8
633 1002 9
634 991 2
634 999 2
634 1001 8
634 1002 9
635 1005 0
635 1006 0
636 1007 0
636 1008 0
637 992 2
637 1000 2
637 1003 8
637 1004 9
638 992 2
638 1000 2
638 1003 8
638 1004 9
639 1009 0
639 1010 0
640 1011 0
640 1012 0
641 961 4
641 989 5
641 1013 3
641 1014 3
642 961 4
642 989 5
642 1013 3
642 1014 3
643 962 4
643 990 5
643 1015 3
643 1016 3
644 962 4
644 990 5
644 1015 3
644 1016 3
645 961 4
645 989 5
645 1013 3
645 1014 3
646 962 4
646 990 5
646 1015 3
646 1016 3
647 963 4
647 991 5
647 1013 6
647 1015 7
647 1017 8
647 1018 9
648 964 4
648 992 5
648 1014 6
648 1016 7
648 1019 8
648 1020 9
649 969 4
649 997 5
649 1021 3
649 1022 3
650 969 4
650 997 5
650 1021 3
650 1022 3
651 970 4
651 998 5
651 1023 3
651 1024 3
652 970 4
652 998 5
652 1023 3
652 1024 3
653 969 4
653 997 5
653 1021 3
653 1022 3
654 970 4
654 998 5
654 1023 3
654 1024 3
655 971 4
655 999 5
655 1021 6
655 1023 7
655 1025 8
655 1026 9
656 972 4
656 1000 5
656 1022 6
656 1024 7
656 1027 8
656 1028 9
657 973 4
657 1001 5
657 1017 2
657 1025 2
658 974 4
658 1002 5
658 1018 2
658 1026 2
659 975 4
659 1003 5
659 1019 2
659 1027 2
660 976 4
660 1004 5
660 1020 2
660 1028 2
661 973 4
661 1001 5
661 1017 2
661 1025 2
662 973 4
662 1001 5
662 1017 2
662 1025 2
663 974 4
663 1002 5
663 1018 2
663 1026 2
664 974 4
664 1002 5
664 1018 2
664 1026 2
665 975 4
665 1003 5
665 1019 2
665 1027 2
666 975 4
666 1003 5
666 1019 2
666 1027 2
667 976 4
667 1004 5
667 1020 2
667 1028 2
668 976 4
668 1004 5
668 1020 2
668 1028 2
669 941 1
669 1013 1
669 1029 8
669 1030 9
670 942 1
670 1014 1
670 1031 8
670 1032 9
671 943 1
671 1015 1
671 1033 8
671 1034 9
672 944 1
672 1016 1
672 1035 8
672 1036 9
673 945 1
673 1017 1
673 1029 6
673 1033 7
674 946 1
674 1018 1
674 1030 6
674 1034 7
675 947 1
675 1019 1
675 1031 6
675 1035 7
676 948 1
676 1020 1
676 1032 6
676 1036 7
677 949 1
677 1021 1
677 1037 8
677 1038 9
678 950 1
678 1022 1
678 1039 8
678 1040 9
679 951 1
679 1023 1
679 1041 8
679 1042 9
680 952 1
680 1024 1
680 1043 8
680 1044 9
681 953 1
681 1025 1
681 1037 6
681 1041 7
682 954 1
682 1026 1
682 1038 6
682 1042 7
683 955 1
683 1027 1
683 1039 6
683 1043 7
684 956 1
684 1028 1
684 1040 6
684 1044 7
685 1045 0
685 1046 0
686 1047 0
686 1048 0
687 1049 6
687 1050 7
687 1051 3
687 1052 3
688 1049 6
688 1050 7
688 1051 3
688 1052 3
689 1053 0
689 1054 0
690 1055 0
690 1056 0
691 1057 6
691 1058 7
691 1059 3
691 1060 3
692 1057 6
692 1058 7
692 1059 3
692 1060 3
693 1049 6
693 1050 7
693 1051 3
693 1052 3
694 1057 6
694 1058 7
694 1059 3
694 1060 3
695 1051 2
695 1059 2
695 1061 8
695 1062 9
696 1052 2
696 1060 2
696 1063 8
696 1064 9
697 1051 2
697 1059 2
697 1061 8
697 1062 9
698 1051 2
698 1059 2
698 1061 8
698 1062 9
699 1065 0
699 1066 0
700 1067 0
700 1068 0
701 1052 2
701 1060 2
701 1063 8
701 1064 9
702 1052 2
702 1060 2
702 1063 8
702 1064 9
703 1069 0
703 1070 0
704 1071 0
704 1072 0
705 1073 0
705 1074 0
706 1075 0
706 1076 0
707 1077 6
707 1078 7
707 1079 3
707 1080 3
708 1077 6
708 1078 7
708 1079 3
708 1080 3
709 1081 0
709 1082 0
710 1083 0
710 1084 0
711 1085 6
711 1086 7
711 1087 3
711 1088 3
712 1085 6
712 1086 7
712 1087 3
712 1088 3
713 1077 6
713 1078 7
713 1079 3
713 1080 3
714 1085 6
714 1086 7
714 1087 3
714 1088 3
715 1079 2
715 1087 2
715 1089 8
715 1090 9
716 1080 2
716 1088 2
716 1091 8
716 1092 9
717 1079 2
717 1087 2
717 1089 8
717 1090 9
718 1079 2
718 1087 2
718 1089 8
718 1090 9
719 1093 0
719 1094 0
720 1095 0
720 1096 0
721 1080 2
721 1088 2
721 1091 8
721 1092 9
722 1080 2
722 1088 2
722 1091 8
722 1092 9
723 1097 0
723 1098 0
724 1099 0
724 1100 0
725 1049 4
725 1077 5
725 1101 3
725 1102 3
726 1049 4
726 1077 5
726 1101 3
726 1102 3
727 1050 4
727 1078 5
727 1103 3
727 1104 3
728 1050 4
728 1078 5
728 1103 3
728 1104 3
729 1049 4
729 1077 5
729 1101 3
729 1102 3
730 1050 4
730 1078 5
730 1103 3
730 1104 3
731 1051 4
731 1079 5
731 1101 6
731 1103 7
731 1105 8
731 1106 9
732 1052 4
732 1080 5
732 1102 6
732 1104 7
732 1107 8
732 1108 9
733 1057 4
733 1085 5
733 1109 3
733 1110 3
734 1057 4
734 1085 5
734 1109 3
734 1110 3
735 1058 4
735 1086 5
735 1111 3
735 1112 3
736 1058 4
736 1086 5
736 1111 3
736 1112 3
737 1057 4
737 1085 5
737 1109 3
737 1110 3
738 1058 4
738 1086 5
738 1111 3
738 1112 3
739 1059 4
739 1087 5
739 1109 6
739 1111 7
739 1113 8
739 1114 9
740 1060 4
740 1088 5
740 1110 6
740 1112 7
740 1115 8
740 1116 9
741 1061 4
741 1089 5
741 1105 2
741 1113 2
742 1062 4
742 1090 5
742 1106 2
742 1114 2
743 1063 4
743 1091 5
743 1107 2
743 1115 2
744 1064 4
744 1092 5
744 1108 2
744 1116 2
745 1061 4
745 1089 5
745 1105 2
745 1113 2
746 1061 4
746 1089 5
746 1105 2
746 1113 2
747 1062 4
747 1090 5
747 1106 2
747 1114 2
748 1062 4
748 1090 5
748 1106 2
748 1114 2
749 1063 4
749 1091 5
749 1107 2
749 1115 2
750 1063 4
750 1091 5
750 1107 2
750 1115 2
751 1064 4
751 1092 5
751 1108 2
751 1116 2
752 1064 4
752 1092 5
752 1108 2
752 1116 2
753 1117 0
753 1118 0
754 1119 0
754 1120 0
755 1121 6
755 1122 7
755 1123 3
755 1124 3
756 1121 6
756 1122 7
756 1123 3
756 1124 3
757 1125 0
757 1126 0
758 1127 0
758 1128 0
759 1129 6
759 1130 7
759 1131 3
759 1132 3
760 1129 6
760 1130 7
760 1131 3
760 1132 3
761 1121 6
761 1122 7
761 1123 3
761 1124 3
762 1129 6
762 1130 7
762 1131 3
762 1132 3
763 1123 2
763 1131 2
763 1133 8
763 1134 9
764 1124 2
764 1132 2
764 1135 8
764 1136 9
765 1123 2
765 1131 2
765 1133 8
765 1134 9
766 1123 2
766 1131 2
766 1133 8
766 1134 9
767 1137 0
767 1138 0
768 1139 0
768 1140 0
769 1124 2
769 1132 2
769 1135 8
769 1136 9
770 1124 2
770 1132 2
770 1135 8
770 1136 9
771 1141 0
771 1142 0
772 1143 0
772 1144 0
773 1145 0
773 1146 0
774 1147 0
774 1148 0
775 1149 6
775 1150 7
775 1151 3
775 1152 3
776 1149 6
776 1150 7
776 1151 3
776 1152 3
777 1153 0
777 1154 0
778 1155 0
778 1156 0
779 1157 6
779 1158 7
779 1159 3
779 1160 3
780 1157 6
780 1158 7
780 1159 3
780 1160 3
781 1149 6
781 1150 7
781 1151 3
781 1152 3
782 1157 6
782 1158 7
782 1159 3
782 1160 3
783 1151 2
783 1159 2
783 1161 8
783 1162 9
784 1152 2
784 1160 2
784 1163 8
784 1164 9
785 1151 2
785 1159 2
785 1161 8
785 1162 9
786 1151 2
786 1159 2
786 1161 8
786 1162 9
787 1165 0
787 1166 0
788 1167 0
788 1168 0
789 1152 2
789 1160 2
789 1163 8
789 1164 9
790 1152 2
790 1160 2
790 1163 8
790 1164 9
791 1169 0
791 1170 0
792 1171 0
792 1172 0
793 1121 4
793 1149 5
793 1173 3
793 1174 3
794 1121 4
794 1149 5
794 1173 3
794 1174 3
795 1122 4
795 1150 5
795 1175 3
795 1176 3
796 1122 4
796 1150 5
796 1175 3
796 1176 3
797 1121 4
797 1149 5
797 1173 3
797 1174 3
798 1122 4
798 1150 5
798 1175 3
798 1176 3
799 1123 4
799 1151 5
799 1173 6
799 1175 7
799 1177 8
799 1178 9
800 1124 4
800 1152 5
800 1174 6
800 1176 7
800 1179 8
800 1180 9
801 1129 4
801 1157 5
801 1181 3
801 1182 3
802 1129 4
802 1157 5
802 1181 3
802 1182 3
803 1130 4
803 1158 5
803 1183 3
803 1184 3
804 1130 4
804 1158 5
804 1183 3
804 1184 3
805 1129 4
805 1157 5
805 1181 3
805 1182 3
806 1130 4
806 1158 5
806 1183 3
806 1184 3
807 1131 4
807 1159 5
807 1181 6
807 1183 7
807 1185 8
807 1186 9
808 1132 4
808 1160 5
808 1182 6
808 1184 7
808 1187 8
808 1188 9
809 1133 4
809 1161 5
809 1177 2
809 1185 2
810 1134 4
810 1162 5
810 1178 2
810 1186 2
811 1135 4
811 1163 5
811 1179 2
811 1187 2
812 1136 4
812 1164 5
812 1180 2
812 1188 2
813 1133 4
813 1161 5
813 1177 2
813 1185 2
814 1133 4
814 1161 5
814 1177 2
814 1185 2
815 1134 4
815 1162 5
815 1178 2
815 1186 2
816 1134 4
816 1162 5
816 1178 2
816 1186 2
817 1135 4
817 1163 5
817 1179 2
817 1187 2
818 1135 4
818 1163 5
818 1179 2
818 1187 2
819 1136 4
819 1164 5
819 1180 2
819 1188 2
820 1136 4
820 1164 5
820 1180 2
820 1188 2
821 1101 1
821 1173 1
821 1189 8
821 1190 9
822 1102 1
822 1174 1
822 1191 8
822 1192 9
823 1103 1
823 1175 1
823 1193 8
823 1194 9
824 1104 1
824 1176 1
824 1195 8
824 1196 9
825 1105 1
825 1177 1
825 1189 6
825 1193 7
826 1106 1
826 1178 1
826 1190 6
826 1194 7
827 1107 1
827 1179 1
827 1191 6
827 1195 7
828 1108 1
828 1180 1
828 1192 6
828 1196 7
829 1109 1
829 1181 1
829 1197 8
829 1198 9
830 1110 1
830 1182 1
830 1199 8
830 1200 9
831 1111 1
831 1183 1
831 1201 8
831 1202 9
832 1112 1
832 1184 1
832 1203 8
832 1204 9
833 1113 1
833 1185 1
833 1197 6
833 1201 7
834 1114 1
834 1186 1
834 1198 6
834 1202 7
835 1115 1
835 1187 1
835 1199 6
835 1203 7
836 1116 1
836 1188 1
836 1200 6
836 1204 7
837 941 1
837 1013 1
837 1029 8
837 1030 9
838 1101 1
838 1173 1
838 1189 8
838 1190 9
839 1205 0
839 1206 0
840 1207 0
840 1208 0
841 942 1
841 1014 1
841 1031 8
841 1032 9
842 1102 1
842 1174 1
842 1191 8
842 1192 9
843 1209 0
843 1210 0
844 1211 0
844 1212 0
845 943 1
845 1015 1
845 1033 8
845 1034 9
846 1103 1
846 1175 1
846 1193 8
846 1194 9
847 1213 0
847 1214 0
848 1215 0
848 1216 0
849 944 1
849 1016 1
849 1035 8
849 1036 9
850 1104 1
850 1176 1
850 1195 8
850 1196 9
851 1217 0
851 1218 0
852 1219 0
852 1220 0
853 945 1
853 1017 1
853 1029 6
853 1033 7
854 1105 1
854 1177 1
854 1189 6
854 1193 7
855 946 1
855 1018 1
855 1030 6
855 1034 7
856 1106 1
856 1178 1
856 1190 6
856 1194 7
857 947 1
857 1019 1
857 1031 6
857 1035 7
858 1107 1
858 1179 1
858 1191 6
858 1195 7
859 948 1
859 1020 1
859 1032 6
859 1036 7
860 1108 1
860 1180 1
860 1192 6
860 1196 7
861 949 1
861 1021 1
861 1037 8
861 1038 9
862 1109 1
862 1181 1
862 1197 8
862 1198 9
863 1221 0
863 1222 0
864 1223 0
864 1224 0
865 950 1
865 1022 1
865 1039 8
865 1040 9
866 1110 1
866 1182 1
866 1199 8
866 1200 9
867 1225 0
867 1226 0
868 1227 0
868 1228 0
869 951 1
869 1023 1
869 1041 8
869 1042 9
870 1111 1
870 1183 1
870 1201 8
870 1202 9
871 1229 0
871 1230 0
872 1231 0
872 1232 0
873 952 1
873 1024 1
873 1043 8
873 1044 9
874 1112 1
874 1184 1
874 1203 8
874 1204 9
875 1233 0
875 1234 0
876 1235 0
876 1236 0
877 953 1
877 1025 1
877 1037 6
877 1041 7
878 1113 1
878 1185 1
878 1197 6
878 1201 7
879 954 1
879 1026 1
879 1038 6
879 1042 7
880 1114 1
880 1186 1
880 1198 6
880 1202 7
881 955 1
881 1027 1
881 1039 6
881 1043 7
882 1115 1
882 1187 1
882 1199 6
882 1203 7
883 956 1
883 1028 1
883 1040 6
883 1044 7
884 1116 1
884 1188 1
884 1200 6
884 1204 7
885 1237 3
885 1238 3
886 1237 3
886 1238 3
887 1239 3
887 1240 3
888 1239 3
888 1240 3
889 1237 3
889 1238 3
890 1239 3
890 1240 3
891 1237 6
891 1239 7
891 1241 8
891 1242 9
892 1238 6
892 1240 7
892 1243 8
892 1244 9
893 1245 3
893 1246 3
894 1245 3
894 1246 3
895 1247 3
895 1248 3
896 1247 3
896 1248 3
897 1245 3
897 1246 3
898 1247 3
898 1248 3
899 1245 6
899 1247 7
899 1249 8
899 1250 9
900 1246 6
900 1248 7
900 1251 8
900 1252 9
901 1241 2
901 1249 2
902 1242 2
902 1250 2
903 1243 2
903 1251 2
904 1244 2
904 1252 2
905 1241 2
905 1249 2
906 1241 2
906 1249 2
907 1242 2
907 1250 2
908 1242 2
908 1250 2
909 1243 2
909 1251 2
910 1243 2
910 1251 2
911 1244 2
911 1252 2
912 1244 2
912 1252 2
913 1253 3
913 1254 3
914 1253 3
914 1254 3
915 1255 3
915 1256 3
916 1255 3
916 1256 3
917 1253 3
917 1254 3
918 1255 3
918 1256 3
919 1253 6
919 1255 7
919 1257 8
919 1258 9
920 1254 6
920 1256 7
920 1259 8
920 1260 9
921 1261 3
921 1262 3
922 1261 3
922 1262 3
923 1263 3
923 1264 3
924 1263 3
924 1264 3
925 1261 3
925 1262 3
926 1263 3
926 1264 3
927 1261 6
927 1263 7
927 1265 8
927 1266 9
928 1262 6
928 1264 7
928 1267 8
928 1268 9
929 1257 2
929 1265 2
930 1258 2
930 1266 2
931 1259 2
931 1267 2
932 1260 2
932 1268 2
933 1257 2
933 1265 2
934 1257 2
934 1265 2
935 1258 2
935 1266 2
936 1258 2
936 1266 2
937 1259 2
937 1267 2
938 1259 2
938 1267 2
939 1260 2
939 1268 2
940 1260 2
940 1268 2
941 1237 4
941 1253 5
941 1269 8
941 1270 9
942 1238 4
942 1254 5
942 1271 8
942 1272 9
943 1239 4
943 1255 5
943 1273 8
943 1274 9
944 1240 4
944 1256 5
944 1275 8
944 1276 9
945 1241 4
945 1257 5
945 1269 6
945 1273 7
946 1242 4
946 1258 5
946 1270 6
946 1274 7
947 1243 4
947 1259 5
947 1271 6
947 1275 7
948 1244 4
948 1260 5
948 1272 6
948 1276 7
949 1245 4
949 1261 5
949 1277 8
949 1278 9
950 1246 4
950 1262 5
950 1279 8
950 1280 9
951 1247 4
951 1263 5
951 1281 8
951 1282 9
952 1248 4
952 1264 5
952 1283 8
952 1284 9
953 1249 4
953 1265 5
953 1277 6
953 1281 7
954 1250 4
954 1266 5
954 1278 6
954 1282 7
955 1251 4
955 1267 5
955 1279 6
955 1283 7
956 1252 4
956 1268 5
956 1280 6
956 1284 7
957 1285 3
957 1286 3
958 1285 3
958 1286 3
959 1287 3
959 1288 3
960 1287 3
960 1288 3
961 1285 3
961 1286 3
962 1287 3
962 1288 3
963 1285 6
963 1287 7
963 1289 8
963 1290 9
964 1286 6
964 1288 7
964 1291 8
964 1292 9
965 1293 3
965 1294 3
966 1293 3
966 1294 3
967 1295 3
967 1296 3
968 1295 3
968 1296 3
969 1293 3
969 1294 3
970 1295 3
970 1296 3
971 1293 6
971 1295 7
971 1297 8
971 1298 9
972 1294 6
972 1296 7
972 1299 8
972 1300 9
973 1289 2
973 1297 2
974 1290 2
974 1298 2
975 1291 2
975 1299 2
976 1292 2
976 1300 2
977 1289 2
977 1297 2
978 1289 2
978 1297 2
979 1290 2
979 1298 2
980 1290 2
980 1298 2
981 1291 2
981 1299 2
982 1291 2
982 1299 2
983 1292 2
983 1300 2
984 1292 2
984 1300 2
985 1301 3
985 1302 3
986 1301 3
986 1302 3
987 1303 3
987 1304 3
988 1303 3
988 1304 3
989 1301 3
989 1302 3
990 1303 3
990 1304 3
991 1301 6
991 1303 7
991 1305 8
991 1306 9
992 1302 6
992 1304 7
992 1307 8
992 1308 9
993 1309 3
993 1310 3
994 1309 3
994 1310 3
995 1311 3
995 1312 3
996 1311 3
996 1312 3
997 1309 3
997 1310 3
998 1311 3
998 1312 3
999 1309 6
999 1311 7
999 1313 8
999 1314 9
1000 1310 6
1000 1312 7
1000 1315 8
1000 1316 9
1001 1305 2
1001 1313 2
1002 1306 2
1002 1314 2
1003 1307 2
1003 1315 2
1004 1308 2
1004 1316 2
1005 1305 2
1005 1313 2
1006 1305 2
1006 1313 2
1007 1306 2
1007 1314 2
1008 1306 2
1008 1314 2
1009 1307 2
1009 1315 2
1010 1307 2
1010 1315 2
1011 1308 2
1011 1316 2
1012 1308 2
1012 1316 2
1013 1285 4
1013 1301 5
1013 1317 8
1013 1318 9
1014 1286 4
1014 1302 5
1014 1319 8
1014 1320 9
1015 1287 4
1015 1303 5
1015 1321 8
1015 1322 9
1016 1288 4
1016 1304 5
1016 1323 8
1016 1324 9
1017 1289 4
1017 1305 5
1017 1317 6
1017 1321 7
1018 1290 4
1018 1306 5
1018 1318 6
1018 1322 7
1019 1291 4
1019 1307 5
1019 1319 6
1019 1323 7
1020 1292 4
1020 1308 5
1020 1320 6
1020 1324 7
1021 1293 4
1021 1309 5
1021 1325 8
1021 1326 9
1022 1294 4
1022 1310 5
1022 1327 8
1022 1328 9
1023 1295 4
1023 1311 5
1023 1329 8
1023 1330 9
1024 1296 4
1024 1312 5
1024 1331 8
1024 1332 9
1025 1297 4
1025 1313 5
1025 1325 6
1025 1329 7
1026 1298 4
1026 1314 5
1026 1326 6
1026 1330 7
1027 1299 4
1027 1315 5
1027 1327 6
1027 1331 7
1028 1300 4
1028 1316 5
1028 1328 6
1028 1332 7
1029 1269 1
1029 1317 1
1030 1270 1
1030 1318 1
1031 1271 1
1031 1319 1
1032 1272 1
1032 1320 1
1033 1273 1
1033 1321 1
1034 1274 1
1034 1322 1
1035 1275 1
1035 1323 1
1036 1276 1
1036 1324 1
1037 1277 1
1037 1325 1
1038 1278 1
1038 1326 1
1039 1279 1
1039 1327 1
1040 1280 1
1040 1328 1
1041 1281 1
1041 1329 1
1042 1282 1
1042 1330 1
1043 1283 1
1043 1331 1
1044 1284 1
1044 1332 1
1045 1333 3
1045 1334 3
1046 1333 3
1046 1334 3
1047 1335 3
1047 1336 3
1048 1335 3
1048 1336 3
1049 1333 3
1049 1334 3
1050 1335 3
1050 1336 3
1051 1333 6
1051 1335 7
1051 1337 8
1051 1338 9
1052 1334 6
1052 1336 7
1052 1339 8
1052 1340 9
1053 1341 3
1053 1342 3
1054 1341 3
1054 1342 3
1055 1343 3
1055 1344 3
1056 1343 3
1056 1344 3
1057 1341 3
1057 1342 3
1058 1343 3
1058 1344 3
1059 1341 6
1059 1343 7
1059 1345 8
1059 1346 9
1060 1342 6
1060 1344 7
1060 1347 8
1060 1348 9
1061 1337 2
1061 1345 2
1062 1338 2
1062 1346 2
1063 1339 2
1063 1347 2
1064 1340 2
1064 1348 2
1065 1337 2
1065 1345 2
1066 1337 2
1066 1345 2
1067 1338 2
1067 1346 2
1068 1338 2
1068 1346 2
1069 1339 2
1069 1347 2
1070 1339 2
1070 1347 2
1071 1340 2
1071 1348 2
1072 1340 2
1072 1348 2
1073 1349 3
1073 1350 3
1074 1349 3
1074 1350 3
1075 1351 3
1075 1352 3
1076 1351 3
1076 1352 3
1077 1349 3
1077 1350 3
1078 1351 3
1078 1352 3
1079 1349 6
1079 1351 7
1079 1353 8
1079 1354 9
1080 1350 6
1080 1352 7
1080 1355 8
1080 1356 9
1081 1357 3
1081 1358 3
1082 1357 3
1082 1358 3
1083 1359 3
1083 1360 3
1084 1359 3
1084 1360 3
1085 1357 3
1085 1358 3
1086 1359 3
1086 1360 3
1087 1357 6
1087 1359 7
1087 1361 8
1087 1362 9
1088 1358 6
1088 1360 7
1088 1363 8
1088 1364 9
1089 1353 2
1089 1361 2
1090 1354 2
1090 1362 2
1091 1355 2
1091 1363 2
1092 1356 2
1092 1364 2
1093 1353 2
1093 1361 2
1094 1353 2
1094 1361 2
1095 1354 2
1095 1362 2
1096 1354 2
1096 1362 2
1097 1355 2
1097 1363 2
1098 1355 2
1098 1363 2
1099 1356 2
1099 1364 2
1100 1356 2
1100 1364 2
1101 1333 4
1101 1349 5
1101 1365 8
1101 1366 9
1102 1334 4
1102 1350 5
1102 1367 8
1102 1368 9
1103 1335 4
1103 1351 5
1103 1369 8
1103 1370 9
1104 1336 4
1104 1352 5
1104 1371 8
1104 1372 9
1105 1337 4
1105 1353 5
1105 1365 6
1105 1369 7
1106 1338 4
1106 1354 5
1106 1366 6
1106 1370 7
1107 1339 4
1107 1355 5
1107 1367 6
1107 1371 7
1108 1340 4
1108 1356 5
1108 1368 6
1108 1372 7
1109 1341 4
1109 1357 5
1109 1373 8
1109 1374 9
1110 1342 4
1110 1358 5
1110 1375 8
1110 1376 9
1111 1343 4
1111 1359 5
1111 1377 8
1111 1378 9
1112 1344 4
1112 1360 5
1112 1379 8
1112 1380 9
1113 1345 4
1113 1361 5
1113 1373 6
1113 1377 7
1114 1346 4
1114 1362 5
1114 1374 6
1114 1378 7
1115 1347 4
1115 1363 5
1115 1375 6
1115 1379 7
1116 1348 4
1116 1364 5
1116 1376 6
1116 1380 7
1117 1381 3
1117 1382 3
1118 1381 3
1118 1382 3
1119 1383 3
1119 1384 3
1120 1383 3
1120 1384 3
1121 1381 3
1121 1382 3
1122 1383 3
1122 1384 3
1123 1381 6
1123 1383 7
1123 1385 8
1123 1386 9
1124 1382 6
1124 1384 7
1124 1387 8
1124 1388 9
1125 1389 3
1125 1390 3
1126 1389 3
1126 1390 3
1127 1391 3
1127 1392 3
1128 1391 3
1128 1392 3
1129 1389 3
1129 1390 3
1130 1391 3
1130 1392 3
1131 1389 6
1131 1391 7
1131 1393 8
1131 1394 9
1132 1390 6
1132 1392 7
1132 1395 8
1132 1396 9
1133 1385 2
1133 1393 2
1134 1386 2
1134 1394 2
1135 1387 2
1135 1395 2
1136 1388 2
1136 1396 2
1137 1385 2
1137 1393 2
1138 1385 2
1138 1393 2
1139 1386 2
1139 1394 2
1140 1386 2
1140 1394 2
1141 1387 2
1141 1395 2
1142 1387 2
1142 1395 2
1143 1388 2
1143 1396 2
1144 1388 2
1144 1396 2
1145 1397 3
1145 1398 3
1146 1397 3
1146 1398 3
1147 1399 3
1147 1400 3
1148 1399 3
1148 1400 3
1149 1397 3
1149 1398 3
1150 1399 3
1150 1400 3
1151 1397 6
1151 1399 7
1151 1401 8
1151 1402 9
1152 1398 6
1152 1400 7
1152 1403 8
1152 1404 9
1153 1405 3
1153 1406 3
1154 1405 3
1154 1406 3
1155 1407 3
1155 1408 3
1156 1407 3
1156 1408 3
1157 1405 3
1157 1406 3
1158 1407 3
1158 1408 3
1159 1405 6
1159 1407 7
1159 1409 8
1159 1410 9
1160 1406 6
1160 1408 7
1160 1411 8
1160 1412 9
1161 1401 2
1161 1409 2
1162 1402 2
1162 1410 2
1163 1403 2
1163 1411 2
1164 1404 2
1164 1412 2
1165 1401 2
1165 1409 2
1166 1401 2
1166 1409 2
1167 1402 2
1167 1410 2
1168 1402 2
1168 1410 2
1169 1403 2
1169 1411 2
1170 1403 2
1170 1411 2
1171 1404 2
1171 1412 2
1172 1404 2
1172 1412 2
1173 1381 4
1173 1397 5
1173 1413 8
1173 1414 9
1174 1382 4
1174 1398 5
1174 1415 8
1174 1416 9
1175 1383 4
1175 1399 5
1175 1417 8
1175 1418 9
1176 1384 4
1176 1400 5
1176 1419 8
1176 1420 9
1177 1385 4
1177 1401 5
1177 1413 6
1177 1417 7
1178 1386 4
1178 1402 5
1178 1414 6
1178 1418 7
1179 1387 4
1179 1403 5
1179 1415 6
1179 1419 7
1180 1388 4
1180 1404 5
1180 1416 6
1180 1420 7
1181 1389 4
1181 1405 5
1181 1421 8
1181 1422 9
1182 1390 4
1182 1406 5
1182 1423 8
1182 1424 9
1183 1391 4
1183 1407 5
1183 1425 8
1183 1426 9
1184 1392 4
1184 1408 5
1184 1427 8
1184 1428 9
1185 1393 4
1185 1409 5
1185 1421 6
1185 1425 7
1186 1394 4
1186 1410 5
1186 1422 6
1186 1426 7
1187 1395 4
1187 1411 5
1187 1423 6
1187 1427 7
1188 1396 4
1188 1412 5
1188 1424 6
1188 1428 7
1189 1365 1
1189 1413 1
1190 1366 1
1190 1414 1
1191 1367 1
1191 1415 1
1192 1368 1
1192 1416 1
1193 1369 1
1193 1417 1
1194 1370 1
1194 1418 1
1195 1371 1
1195 1419 1
1196 1372 1
1196 1420 1
1197 1373 1
1197 1421 1
1198 1374 1
1198 1422 1
1199 1375 1
1199 1423 1
1200 1376 1
1200 1424 1
1201 1377 1
1201 1425 1
1202 1378 1
1202 1426 1
1203 1379 1
1203 1427 1
1204 1380 1
1204 1428 1
1205 1269 1
1205 1317 1
1206 1365 1
1206 1413 1
1207 1270 1
1207 1318 1
1208 1366 1
1208 1414 1
1209 1271 1
1209 1319 1
1210 1367 1
1210 1415 1
1211 1272 1
1211 1320 1
1212 1368 1
1212 1416 1
1213 1273 1
1213 1321 1
1214 1369 1
1214 1417 1
1215 1274 1
1215 1322 1
1216 1370 1
1216 1418 1
1217 1275 1
1217 1323 1
1218 1371 1
1218 1419 1
1219 1276 1
1219 1324 1
1220 1372 1
1220 1420 1
1221 1277 1
1221 1325 1
1222 1373 1
1222 1421 1
1223 1278 1
1223 1326 1
1224 1374 1
1224 1422 1
1225 1279 1
1225 1327 1
1226 1375 1
1226 1423 1
1227 1280 1
1227 1328 1
1228 1376 1
1228 1424 1
1229 1281 1
1229 1329 1
1230 1377 1
1230 1425 1
1231 1282 1
1231 1330 1
1232 1378 1
1232 1426 1
1233 1283 1
1233 1331 1
1234 1379 1
1234 1427 1
1235 1284 1
1235 1332 1
1236 1380 1
1236 1428 1
1237 1429 8
1237 1430 9
1238 1431 8
1238 1432 9
1239 1433 8
1239 1434 9
1240 1435 8
1240 1436 9
1241 1429 6
1241 1433 7
1242 1430 6
1242 1434 7
1243 1431 6
1243 1435 7
1244 1432 6
1244 1436 7
1245 1437 8
1245 1438 9
1246 1439 8
1246 1440 9
1247 1441 8
1247 1442 9
1248 1443 8
1248 1444 9
1249 1437 6
1249 1441 7
1250 1438 6
1250 1442 7
1251 1439 6
1251 1443 7
1252 1440 6
1252 1444 7
1253 1445 8
1253 1446 9
1254 1447 8
1254 1448 9
1255 1449 8
1255 1450 9
1256 1451 8
1256 1452 9
1257 1445 6
1257 1449 7
1258 1446 6
1258 1450 7
1259 1447 6
1259 1451 7
1260 1448 6
1260 1452 7
1261 1453 8
1261 1454 9
1262 1455 8
1262 1456 9
1263 1457 8
1263 1458 9
1264 1459 8
1264 1460 9
1265 1453 6
1265 1457 7
1266 1454 6
1266 1458 7
1267 1455 6
1267 1459 7
1268 1456 6
1268 1460 7
1269 1429 4
1269 1445 5
1270 1430 4
1270 1446 5
1271 1431 4
1271 1447 5
1272 1432 4
1272 1448 5
1273 1433 4
1273 1449 5
1274 1434 4
1274 1450 5
1275 1435 4
1275 1451 5
1276 1436 4
1276 1452 5
1277 1437 4
1277 1453 5
1278 1438 4
1278 1454 5
1279 1439 4
1279 1455 5
1280 1440 4
1280 1456 5
1281 1441 4
1281 1457 5
1282 1442 4
1282 1458 5
1283 1443 4
1283 1459 5
1284 1444 4
1284 1460 5
1285 1461 8
1285 1462 9
1286 1463 8
1286 1464 9
1287 1465 8
1287 1466 9
1288 1467 8
1288 1468 9
1289 1461 6
1289 1465 7
1290 1462 6
1290 1466 7
1291 1463 6
1291 1467 7
1292 1464 6
1292 1468 7
1293 1469 8
1293 1470 9
1294 1471 8
1294 1472 9
1295 1473 8
1295 1474 9
1296 1475 8
1296 1476 9
1297 1469 6
1297 1473 7
1298 1470 6
1298 1474 7
1299 1471 6
1299 1475 7
1300 1472 6
1300 1476 7
1301 1477 8
1301 1478 9
1302 1479 8
1302 1480 9
1303 1481 8
1303 1482 9
1304 1483 8
1304 1484 9
1305 1477 6
1305 1481 7
1306 1478 6
1306 1482 7
1307 1479 6
1307 1483 7
1308 1480 6
1308 1484 7
1309 1485 8
1309 1486 9
1310 1487 8
1310 1488 9
1311 1489 8
1311 1490 9
1312 1491 8
1312 1492 9
1313 1485 6
1313 1489 7
1314 1486 6
1314 1490 7
1315 1487 6
1315 1491 7
1316 1488 6
1316 1492 7
1317 1461 4
1317 1477 5
1318 1462 4
1318 1478 5
1319 1463 4
1319 1479 5
1320 1464 4
1320 1480 5
1321 1465 4
1321 1481 5
1322 1466 4
1322 1482 5
1323 1467 4
1323 1483 5
1324 1468 4
1324 1484 5
1325 1469 4
1325 1485 5
1326 1470 4
1326 1486 5
1327 1471 4
1327 1487 5
1328 1472 4
1328 1488 5
1329 1473 4
1329 1489 5
1330 1474 4
1330 1490 5
1331 1475 4
1331 1491 5
1332 1476 4
1332 1492 5
1333 1493 8
1333 1494 9
1334 1495 8
1334 1496 9
1335 1497 8
1335 1498 9
1336 1499 8
1336 1500 9
1337 1493 6
1337 1497 7
1338 1494 6
1338 1498 7
1339 1495 6
1339 1499 7
1340 1496 6
1340 1500 7
1341 1501 8
1341 1502 9
1342 1503 8
1342 1504 9
1343 1505 8
1343 1506 9
1344 1507 8
1344 1508 9
1345 1501 6
1345 1505 7
1346 1502 6
1346 1506 7
1347 1503 6
1347 1507 7
1348 1504 6
1348 1508 7
1349 1509 8
1349 1510 9
1350 1511 8
1350 1512 9
1351 1513 8
1351 1514 9
1352 1515 8
1352 1516 9
1353 1509 6
1353 1513 7
1354 1510 6
1354 1514 7
1355 1511 6
1355 1515 7
1356 1512 6
1356 1516 7
1357 1517 8
1357 1518 9
1358 1519 8
1358 1520 9
1359 1521 8
1359 1522 9
1360 1523 8
1360 1524 9
1361 1517 6
1361 1521 7
1362 1518 6
1362 1522 7
1363 1519 6
1363 1523 7
1364 1520 6
1364 1524 7
1365 1493 4
1365 1509 5
1366 1494 4
1366 1510 5
1367 1495 4
1367 1511 5
1368 1496 4
1368 1512 5
1369 1497 4
1369 1513 5
1370 1498 4
1370 1514 5
1371 1499 4
1371 1515 5
1372 1500 4
1372 1516 5
1373 1501 4
1373 1517 5
1374 1502 4
1374 1518 5
1375 1503 4
1375 1519 5
1376 1504 4
1376 1520 5
1377 1505 4
1377 1521 5
1378 1506 4
1378 1522 5
1379 1507 4
1379 1523 5
1380 1508 4
1380 1524 5
1381 1525 8
1381 1526 9
1382 1527 8
1382 1528 9
1383 1529 8
1383 1530 9
1384 1531 8
1384 1532 9
1385 1525 6
1385 1529 7
1386 1526 6
1386 1530 7
1387 1527 6
1387 1531 7
1388 1528 6
1388 1532 7
1389 1533 8
1389 1534 9
1390 1535 8
1390 1536 9
1391 1537 8
1391 1538 9
1392 1539 8
1392 1540 9
1393 1533 6
1393 1537 7
1394 1534 6
1394 1538 7
1395 1535 6
1395 1539 7
1396 1536 6
1396 1540 7
1397 1541 8
1397 1542 9
1398 1543 8
1398 1544 9
1399 1545 8
1399 1546 9
1400 1547 8
1400 1548 9
1401 1541 6
1401 1545 7
1402 1542 6
1402 1546 7
1403 1543 6
1403 1547 7
1404 1544 6
1404 1548 7
1405 1549 8
1405 1550 9
1406 1551 8
1406 1552 9
1407 1553 8
1407 1554 9
1408 1555 8
1408 1556 9
1409 1549 6
1409 1553 7
1410 1550 6
1410 1554 7
1411 1551 6
1411 1555 7
1412 1552 6
1412 1556 7
1413 1525 4
1413 1541 5
1414 1526 4
1414 1542 5
1415 1527 4
1415 1543 5
1416 1528 4
1416 1544 5
1417 1529 4
1417 1545 5
1418 1530 4
1418 1546 5
1419 1531 4
1419 1547 5
1420 1532 4
1420 1548 5
1421 1533 4
1421 1549 5
1422 1534 4
1422 1550 5
1423 1535 4
1423 1551 5
1424 1536 4
1424 1552 5
1425 1537 4
1425 1553 5
1426 1538 4
1426 1554 5
1427 1539 4
1427 1555 5
1428 1540 4
1428 1556 5
765
1 0
4 1 2 19 20
6 3 4 9 10 15 16
12 5 6 71 72 11 12 47 48 17 18 23 24
2 43 7
4 8 44 14 68
2 67 13
3 45 69 21
3 46 70 22
4 25 26 91 92
6 75 76 51 52 27 28
6 161 223 77 53 29 95
6 96 224 162 78 54 30
2 117 31
2 32 118
2 33 34
4 121 122 35 36
4 137 61 37 199
4 62 138 38 200
4 40 64 63 39
8 65 66 41 42 203 204 141 142
2 49 157
4 50 220 74 158
2 179 55
2 56 180
2 57 58
4 184 59 60 183
2 73 219
2 80 79
3 81 211 149
3 82 212 150
6 83 84 213 214 151 152
2 85 86
3 153 215 87
3 88 154 216
6 217 218 89 90 155 156
3 221 93 159
3 160 222 94
4 97 98 261 262
6 225 226 99 164 100 163
6 481 227 101 165 263 377
6 482 228 166 102 264 378
4 104 265 266 103
6 229 230 167 168 105 106
6 483 231 169 267 107 379
6 484 232 170 108 268 380
2 109 110
4 112 288 287 111
2 113 114
4 296 115 116 295
1 119
1 120
2 123 309
2 124 310
2 125 126
2 313 127
2 128 314
4 192 129 130 191
8 193 194 131 132 325 326 429 430
4 195 196 133 134
8 197 198 135 136 333 334 437 438
2 201 139
2 202 140
4 347 205 451 143
4 144 452 348 206
4 208 145 146 207
4 209 455 147 351
4 352 210 148 456
2 171 172
4 392 173 174 391
2 176 175
4 400 177 178 399
1 181
1 182
2 185 413
2 186 414
2 187 188
2 417 189
2 418 190
2 233 234
6 361 362 235 236 465 466
2 237 238
6 363 364 239 240 467 468
2 241 242
3 469 243 365
3 244 470 366
3 471 245 367
3 368 246 472
2 248 247
6 473 369 370 474 249 250
2 251 252
6 371 372 475 476 253 254
2 256 255
3 477 257 373
3 258 478 374
3 479 259 375
3 376 480 260
4 525 269 270 526
6 485 486 271 272 381 382
4 528 273 274 527
6 384 487 488 275 276 383
4 529 530 277 278
6 385 386 489 490 279 280
4 281 282 531 532
6 387 388 491 492 283 284
1 285
1 286
2 289 290
2 291 543
2 544 292
1 293
1 294
2 297 298
2 563 299
2 300 564
1 301
1 302
2 304 303
1 305
1 306
2 307 308
1 311
1 312
2 315 316
2 589 317
2 590 318
2 320 319
2 321 591
2 592 322
2 323 427
2 428 324
4 328 431 432 327
4 611 329 433 763
4 434 330 612 764
2 331 435
2 436 332
4 336 439 440 335
4 337 441 783 631
4 442 784 338 632
2 339 443
2 444 340
4 446 341 342 445
2 447 343
2 344 448
4 345 346 449 450
2 453 349
2 454 350
4 353 354 457 458
4 657 355 459 809
4 658 460 356 810
4 461 462 357 358
4 811 463 659 359
4 360 660 812 464
1 389
1 390
2 393 394
2 395 695
2 696 396
1 397
1 398
2 401 402
2 403 715
2 716 404
1 405
1 406
2 408 407
1 409
1 410
2 411 412
1 415
1 416
2 419 420
2 741 421
2 422 742
2 424 423
2 425 743
2 744 426
2 493 494
3 821 669 495
3 496 822 670
2 497 498
3 499 823 671
3 672 824 500
2 501 502
3 673 825 503
3 504 674 826
2 505 506
3 827 507 675
3 676 508 828
2 509 510
3 829 677 511
3 512 830 678
2 513 514
3 515 831 679
3 680 832 516
2 517 518
3 833 681 519
3 520 682 834
2 521 522
3 835 523 683
3 684 524 836
1 533
1 534
2 536 535
1 537
1 538
2 539 540
1 541
1 542
2 545 546
2 547 901
2 548 902
2 549 550
2 903 551
2 552 904
1 553
1 554
2 555 556
1 557
1 558
2 560 559
1 561
1 562
2 565 566
2 929 567
2 568 930
2 569 570
2 571 931
2 932 572
2 573 574
2 576 575
1 577
1 578
1 579
1 580
2 581 582
2 584 583
1 585
1 586
1 587
1 588
2 593 594
2 595 596
2 597 598
2 600 599
2 601 753
2 602 754
4 603 604 756 755
2 757 605
2 606 758
4 608 760 759 607
2 609 761
2 610 762
4 765 613 614 766
4 1133 767 973 615
4 616 768 1134 974
4 617 618 770 769
4 771 619 1135 975
4 976 620 772 1136
2 773 621
2 622 774
4 624 776 775 623
2 625 777
2 626 778
4 779 627 628 780
2 781 629
2 630 782
4 633 634 786 785
4 787 1001 1161 635
4 1002 636 788 1162
4 789 637 638 790
4 1003 791 1163 639
4 640 792 1004 1164
4 641 642 794 793
4 795 643 644 796
2 797 645
2 646 798
2 799 647
2 648 800
4 649 650 802 801
4 803 651 652 804
2 805 653
2 806 654
2 807 655
2 656 808
4 814 813 661 662
4 664 816 815 663
4 665 666 818 817
4 819 667 668 820
1 685
1 686
2 688 687
1 689
1 690
2 691 692
1 693
1 694
2 697 698
2 699 1061
2 700 1062
2 701 702
2 1063 703
2 704 1064
1 705
1 706
2 707 708
1 709
1 710
2 712 711
1 713
1 714
2 717 718
2 1089 719
2 720 1090
2 721 722
2 1091 723
2 724 1092
2 725 726
2 728 727
1 729
1 730
1 731
1 732
2 733 734
2 736 735
1 737
1 738
1 739
1 740
2 745 746
2 747 748
2 749 750
2 752 751
2 837 838
3 1189 1029 839
3 840 1190 1030
2 841 842
3 1191 843 1031
3 1032 844 1192
2 845 846
3 1033 1193 847
3 848 1034 1194
2 849 850
3 1035 851 1195
3 1196 852 1036
2 853 854
2 856 855
2 857 858
2 859 860
2 861 862
3 1197 1037 863
3 864 1198 1038
2 865 866
3 1199 867 1039
3 1040 868 1200
2 869 870
3 1041 1201 871
3 872 1042 1202
2 873 874
3 1043 875 1203
3 1204 876 1044
2 877 878
2 880 879
2 881 882
2 883 884
2 885 886
2 888 887
1 889
1 890
1 891
1 892
2 893 894
2 896 895
1 897
1 898
1 899
1 900
2 905 906
2 907 908
2 909 910
2 912 911
2 913 914
2 915 916
1 917
1 918
1 919
1 920
2 921 922
2 923 924
1 925
1 926
1 927
1 928
2 933 934
2 936 935
2 937 938
2 939 940
1 941
1 942
1 943
1 944
1 945
1 946
1 947
1 948
1 949
1 950
1 951
1 952
1 953
1 954
1 955
1 956
4 1118 1117 957 958
4 960 1120 1119 959
2 961 1121
2 962 1122
2 1123 963
2 1124 964
4 1126 1125 965 966
4 968 1128 1127 967
2 969 1129
2 970 1130
2 1131 971
2 1132 972
4 977 978 1138 1137
4 1140 1139 979 980
4 1142 1141 981 982
4 984 1144 1143 983
4 985 986 1146 1145
4 1148 1147 987 988
2 1149 989
2 1150 990
2 1151 991
2 992 1152
4 993 994 1153 1154
4 1156 995 996 1155
2 997 1157
2 1158 998
2 1159 999
2 1000 1160
4 1165 1166 1005 1006
4 1008 1167 1168 1007
4 1009 1010 1169 1170
4 1172 1011 1012 1171
2 1013 1173
2 1174 1014
2 1175 1015
2 1016 1176
2 1017 1177
2 1018 1178
2 1019 1179
2 1180 1020
2 1021 1181
2 1182 1022
2 1183 1023
2 1024 1184
2 1025 1185
2 1186 1026
2 1027 1187
2 1188 1028
2 1045 1046
2 1048 1047
1 1049
1 1050
1 1051
1 1052
2 1053 1054
2 1056 1055
1 1057
1 1058
1 1059
1 1060
2 1065 1066
2 1067 1068
2 1069 1070
2 1072 1071
2 1073 1074
2 1075 1076
1 1077
1 1078
1 1079
1 1080
2 1081 1082
2 1083 1084
1 1085
1 1086
1 1087
1 1088
2 1093 1094
2 1096 1095
2 1097 1098
2 1099 1100
1 1101
1 1102
1 1103
1 1104
1 1105
1 1106
1 1107
1 1108
1 1109
1 1110
1 1111
1 1112
1 1113
1 1114
1 1115
1 1116
2 1205 1206
2 1208 1207
2 1209 1210
2 1211 1212
2 1213 1214
2 1216 1215
2 1217 1218
2 1219 1220
2 1221 1222
2 1224 1223
2 1225 1226
2 1227 1228
2 1229 1230
2 1232 1231
2 1233 1234
2 1235 1236
1 1237
1 1238
1 1239
1 1240
1 1241
1 1242
1 1243
1 1244
1 1245
1 1246
1 1247
1 1248
1 1249
1 1250
1 1251
1 1252
1 1253
1 1254
1 1255
1 1256
1 1257
1 1258
1 1259
1 1260
1 1261
1 1262
1 1263
1 1264
1 1265
1 1266
1 1267
1 1268
1 1269
1 1270
1 1271
1 1272
1 1273
1 1274
1 1275
1 1276
1 1277
1 1278
1 1279
1 1280
1 1281
1 1282
1 1283
1 1284
2 1381 1285
2 1382 1286
2 1383 1287
2 1288 1384
2 1289 1385
2 1290 1386
2 1387 1291
2 1388 1292
2 1389 1293
2 1390 1294
2 1391 1295
2 1296 1392
2 1297 1393
2 1298 1394
2 1395 1299
2 1396 1300
2 1397 1301
2 1398 1302
2 1399 1303
2 1304 1400
2 1305 1401
2 1306 1402
2 1403 1307
2 1404 1308
2 1405 1309
2 1406 1310
2 1407 1311
2 1312 1408
2 1313 1409
2 1314 1410
2 1315 1411
2 1412 1316
2 1317 1413
2 1414 1318
2 1415 1319
2 1320 1416
2 1321 1417
2 1322 1418
2 1323 1419
2 1420 1324
2 1325 1421
2 1422 1326
2 1423 1327
2 1328 1424
2 1329 1425
2 1330 1426
2 1331 1427
2 1428 1332
1 1333
1 1334
1 1335
1 1336
1 1337
1 1338
1 1339
1 1340
1 1341
1 1342
1 1343
1 1344
1 1345
1 1346
1 1347
1 1348
1 1349
1 1350
1 1351
1 1352
1 1353
1 1354
1 1355
1 1356
1 1357
1 1358
1 1359
1 1360
1 1361
1 1362
1 1363
1 1364
1 1365
1 1366
1 1367
1 1368
1 1369
1 1370
1 1371
1 1372
1 1373
1 1374
1 1375
1 1376
1 1377
1 1378
1 1379
1 1380
1 1429
1 1430
1 1431
1 1432
1 1433
1 1434
1 1435
1 1436
1 1437
1 1438
1 1439
1 1440
1 1441
1 1442
1 1443
1 1444
1 1445
1 1446
1 1447
1 1448
1 1449
1 1450
1 1451
1 1452
1 1453
1 1454
1 1455
1 1456
1 1457
1 1458
1 1459
1 1460
2 1525 1461
2 1526 1462
2 1527 1463
2 1464 1528
2 1465 1529
2 1466 1530
2 1467 1531
2 1468 1532
2 1533 1469
2 1534 1470
2 1535 1471
2 1472 1536
2 1473 1537
2 1474 1538
2 1539 1475
2 1476 1540
2 1541 1477
2 1478 1542
2 1543 1479
2 1480 1544
2 1481 1545
2 1482 1546
2 1547 1483
2 1484 1548
2 1549 1485
2 1486 1550
2 1551 1487
2 1488 1552
2 1489 1553
2 1490 1554
2 1555 1491
2 1492 1556
1 1493
1 1494
1 1495
1 1496
1 1497
1 1498
1 1499
1 1500
1 1501
1 1502
1 1503
1 1504
1 1505
1 1506
1 1507
1 1508
1 1509
1 1510
1 1511
1 1512
1 1513
1 1514
1 1515
1 1516
1 1517
1 1518
1 1519
1 1520
1 1521
1 1522
1 1523
1 1524
384
31
37
55
61
109
110
111
112
117
123
129
130
131
132
137
143
171
172
173
174
179
185
191
192
193
194
199
205
285
286
287
288
289
290
291
292
309
323
324
325
326
327
328
329
330
347
389
390
391
392
393
394
395
396
413
427
428
429
430
431
432
433
434
451
533
534
535
536
537
538
539
540
541
542
543
544
545
546
547
548
549
550
551
552
601
602
603
604
605
606
607
608
609
610
611
612
613
614
615
616
617
618
619
620
685
686
687
688
689
690
691
692
693
694
695
696
697
698
699
700
701
702
703
704
753
754
755
756
757
758
759
760
761
762
763
764
765
766
767
768
769
770
771
772
885
886
887
888
889
890
891
892
893
894
895
896
897
898
899
900
901
902
903
904
905
906
907
908
909
910
911
912
957
958
959
960
961
962
963
964
965
966
967
968
969
970
971
972
973
974
975
976
977
978
979
980
981
982
983
984
1045
1046
1047
1048
1049
1050
1051
1052
1053
1054
1055
1056
1057
1058
1059
1060
1061
1062
1063
1064
1065
1066
1067
1068
1069
1070
1071
1072
1117
1118
1119
1120
1121
1122
1123
1124
1125
1126
1127
1128
1129
1130
1131
1132
1133
1134
1135
1136
1137
1138
1139
1140
1141
1142
1143
1144
1237
1238
1239
1240
1241
1242
1243
1244
1245
1246
1247
1248
1249
1250
1251
1252
1285
1286
1287
1288
1289
1290
1291
1292
1293
1294
1295
1296
1297
1298
1299
1300
1333
1334
1335
1336
1337
1338
1339
1340
1341
1342
1343
1344
1345
1346
1347
1348
1381
1382
1383
1384
1385
1386
1387
1388
1389
1390
1391
1392
1393
1394
1395
1396
1429
1430
1431
1432
1433
1434
1435
1436
1437
1438
1439
1440
1441
1442
1443
1444
1461
1462
1463
1464
1465
1466
1467
1468
1469
1470
1471
1472
1473
1474
1475
1476
1493
1494
1495
1496
1497
1498
1499
1500
1501
1502
1503
1504
1505
1506
1507
1508
1525
1526
1527
1528
1529
1530
1531
1532
1533
1534
1535
1536
1537
1538
1539
1540
0
