695
1
1790
0 1 0
0 2 0
1 349 0
1 350 0
2 3 0
2 4 0
3 5 0
3 6 0
4 5 0
4 6 0
5 7 1
5 8 2
5 9 3
5 10 1
5 11 3
5 12 2
6 7 1
6 8 2
6 9 3
6 10 1
6 11 3
6 12 2
7 336 2
7 290 3
7 160 3
7 13 2
7 347 4
7 348 5
8 336 1
8 337 6
8 291 3
8 242 1
8 338 7
8 161 3
9 289 8
9 290 1
9 291 2
9 243 1
9 15 2
9 292 9
10 242 2
10 243 3
10 162 3
10 16 2
10 244 4
10 245 5
11 159 8
11 160 1
11 161 2
11 162 1
11 18 2
11 163 9
12 13 1
12 14 6
12 15 3
12 16 1
12 17 7
12 18 3
13 154 6
13 132 3
13 83 7
13 20 3
13 157 4
13 158 5
14 133 3
14 108 1
14 154 1
14 21 3
15 131 8
15 132 1
15 133 6
15 109 1
15 81 7
15 134 9
16 108 6
16 109 3
16 82 7
16 22 3
16 110 4
16 111 5
17 81 3
17 82 1
17 83 1
17 23 3
18 19 8
18 20 1
18 21 6
18 22 1
18 23 7
18 24 9
19 58 1
19 45 7
19 76 1
19 69 6
20 76 8
20 70 6
20 47 7
20 77 4
20 78 5
20 27 9
21 69 8
21 59 1
21 70 1
21 28 9
22 58 8
22 59 6
22 46 7
22 60 4
22 61 5
22 25 9
23 45 8
23 46 1
23 47 1
23 26 9
24 25 1
24 26 7
24 27 1
24 28 6
25 43 4
25 40 7
25 44 5
25 29 6
26 40 1
26 36 1
27 35 4
27 36 7
27 37 5
27 30 6
28 29 1
28 30 1
29 33 4
29 34 5
30 31 4
30 32 5
35 39 7
35 31 6
36 39 4
36 38 5
37 38 7
37 32 6
40 41 4
40 42 5
43 41 7
43 33 6
44 42 7
44 34 6
45 53 1
45 48 1
46 53 8
46 54 4
46 55 5
46 40 9
47 48 8
47 49 4
47 50 5
47 36 9
48 52 4
48 51 5
49 52 8
49 39 9
50 51 8
50 38 9
53 57 4
53 56 5
54 57 8
54 41 9
55 56 8
55 42 9
58 65 4
58 53 7
58 62 5
58 68 6
59 68 8
59 66 4
59 63 5
59 29 9
60 65 8
60 54 7
60 43 9
60 66 6
61 62 8
61 55 7
61 44 9
61 63 6
62 56 7
62 64 6
63 64 8
63 34 9
65 57 7
65 67 6
66 67 8
66 33 9
68 67 4
68 64 5
69 68 1
69 71 1
70 71 8
70 72 4
70 73 5
70 30 9
71 75 4
71 74 5
72 75 8
72 31 9
73 74 8
73 32 9
76 80 4
76 48 7
76 79 5
76 71 6
77 80 8
77 49 7
77 35 9
77 72 6
78 79 8
78 50 7
78 37 9
78 73 6
79 51 7
79 74 6
80 52 7
80 75 6
81 106 8
81 95 1
81 84 1
81 107 9
82 95 3
82 96 4
82 46 3
82 97 5
83 84 3
83 85 4
83 47 3
83 86 5
84 93 8
84 90 4
84 87 5
84 94 9
85 90 3
85 49 3
86 87 3
86 50 3
87 88 8
87 89 9
90 91 8
90 92 9
93 91 4
93 88 5
94 92 4
94 89 5
95 104 8
95 101 4
95 98 5
95 105 9
96 101 3
96 54 3
97 98 3
97 55 3
98 99 8
98 100 9
101 102 8
101 103 9
104 102 4
104 99 5
105 103 4
105 100 5
106 104 1
106 93 1
107 105 1
107 94 1
108 127 3
108 120 4
108 59 3
108 113 5
109 126 8
109 127 6
109 95 7
109 119 4
109 112 5
109 128 9
110 119 3
110 96 7
110 60 3
110 120 6
111 112 3
111 97 7
111 61 3
111 113 6
112 117 8
112 98 7
112 118 9
112 114 6
113 114 3
113 63 3
114 115 8
114 116 9
117 99 7
117 115 6
118 100 7
118 116 6
119 124 8
119 101 7
119 125 9
119 121 6
120 121 3
120 66 3
121 122 8
121 123 9
124 102 7
124 122 6
125 103 7
125 123 6
126 124 4
126 104 7
126 117 5
126 130 6
127 130 8
127 121 4
127 114 5
127 129 9
128 125 4
128 105 7
128 118 5
128 129 6
129 123 4
129 116 5
130 122 4
130 115 5
131 126 1
131 106 7
131 149 1
131 142 6
132 149 8
132 143 6
132 84 7
132 150 4
132 151 5
132 135 9
133 142 8
133 127 1
133 143 1
133 136 9
134 128 1
134 107 7
134 135 1
134 136 6
135 140 4
135 94 7
135 141 5
135 137 6
136 129 1
136 137 1
137 138 4
137 139 5
140 92 7
140 138 6
141 89 7
141 139 6
142 130 1
142 144 1
143 144 8
143 145 4
143 146 5
143 137 9
144 148 4
144 147 5
145 148 8
145 138 9
146 147 8
146 139 9
149 153 4
149 93 7
149 152 5
149 144 6
150 153 8
150 90 7
150 140 9
150 145 6
151 152 8
151 87 7
151 141 9
151 146 6
152 88 7
152 147 6
153 91 7
153 148 6
154 143 3
154 155 4
154 70 3
154 156 5
155 145 3
155 72 3
156 146 3
156 73 3
157 150 3
157 85 7
157 77 3
157 155 6
158 151 3
158 86 7
158 78 3
158 156 6
159 19 2
159 191 1
159 237 1
159 214 2
160 237 8
160 215 2
160 20 2
160 238 4
160 239 5
160 165 9
161 214 8
161 215 1
161 216 6
161 192 1
161 217 7
161 166 9
162 191 8
162 192 2
162 22 2
162 193 4
162 194 5
162 164 9
163 24 2
163 164 1
163 165 1
163 166 2
164 25 2
164 189 4
164 190 5
164 167 2
165 27 2
165 187 4
165 188 5
165 169 2
166 167 1
166 168 7
166 169 1
166 170 6
167 185 4
167 182 7
167 186 5
167 171 6
168 182 1
168 178 1
169 177 4
169 178 7
169 179 5
169 172 6
170 171 1
170 172 1
171 175 4
171 176 5
172 173 4
172 174 5
177 181 7
177 173 6
178 181 4
178 180 5
179 180 7
179 174 6
182 183 4
182 184 5
185 183 7
185 175 6
186 184 7
186 176 6
187 35 2
187 177 2
188 37 2
188 179 2
189 43 2
189 185 2
190 44 2
190 186 2
191 58 2
191 202 4
191 195 5
191 209 2
192 209 8
192 210 6
192 211 7
192 203 4
192 196 5
192 167 9
193 202 8
193 203 2
193 189 9
193 60 2
194 195 8
194 196 2
194 190 9
194 61 2
195 62 2
195 197 2
196 197 8
196 198 7
196 186 9
196 199 6
197 201 7
197 200 6
198 201 8
198 184 9
199 200 8
199 176 9
202 65 2
202 204 2
203 204 8
203 205 7
203 185 9
203 206 6
204 208 7
204 207 6
205 208 8
205 183 9
206 207 8
206 175 9
209 204 4
209 212 7
209 197 5
209 213 6
210 213 8
210 206 4
210 199 5
210 171 9
211 212 8
211 205 4
211 198 5
211 182 9
212 208 4
212 201 5
213 207 4
213 200 5
214 209 1
214 218 7
214 232 1
214 225 6
215 232 8
215 226 6
215 219 7
215 233 4
215 234 5
215 169 9
216 225 8
216 210 1
216 226 1
216 170 9
217 218 8
217 211 1
217 219 1
217 168 9
218 212 1
218 220 1
219 220 8
219 221 4
219 222 5
219 178 9
220 224 4
220 223 5
221 224 8
221 181 9
222 223 8
222 180 9
225 213 1
225 227 1
226 227 8
226 228 4
226 229 5
226 172 9
227 231 4
227 230 5
228 231 8
228 173 9
229 230 8
229 174 9
232 236 4
232 220 7
232 235 5
232 227 6
233 236 8
233 221 7
233 177 9
233 228 6
234 235 8
234 222 7
234 179 9
234 229 6
235 223 7
235 230 6
236 224 7
236 231 6
237 76 2
237 241 4
237 240 5
237 232 2
238 241 8
238 233 2
238 187 9
238 77 2
239 240 8
239 234 2
239 188 9
239 78 2
240 79 2
240 235 2
241 80 2
241 236 2
242 287 6
242 277 3
242 288 7
242 192 3
242 262 4
242 247 5
243 276 8
243 277 2
243 109 2
243 261 4
243 246 5
243 278 9
244 261 3
244 193 3
244 262 2
244 110 2
245 246 3
245 194 3
245 247 2
245 111 2
246 259 8
246 248 2
246 260 9
246 112 2
247 248 3
247 249 7
247 196 3
247 250 6
248 257 8
248 254 7
248 258 9
248 251 6
249 254 3
249 198 3
250 251 3
250 199 3
251 252 8
251 253 9
254 255 8
254 256 9
257 255 7
257 252 6
258 256 7
258 253 6
259 117 2
259 257 2
260 118 2
260 258 2
261 274 8
261 263 2
261 275 9
261 119 2
262 263 3
262 264 7
262 203 3
262 265 6
263 272 8
263 269 7
263 273 9
263 266 6
264 269 3
264 205 3
265 266 3
265 206 3
266 267 8
266 268 9
269 270 8
269 271 9
272 270 7
272 267 6
273 271 7
273 268 6
274 124 2
274 272 2
275 125 2
275 273 2
276 126 2
276 274 4
276 259 5
276 282 2
277 282 8
277 283 6
277 284 7
277 263 4
277 248 5
277 279 9
278 128 2
278 275 4
278 260 5
278 279 2
279 273 4
279 280 7
279 258 5
279 281 6
280 271 4
280 256 5
281 268 4
281 253 5
282 272 4
282 285 7
282 257 5
282 286 6
283 286 8
283 266 4
283 251 5
283 281 9
284 285 8
284 269 4
284 254 5
284 280 9
285 270 4
285 255 5
286 267 4
286 252 5
287 283 3
287 265 4
287 210 3
287 250 5
288 284 3
288 264 4
288 211 3
288 249 5
289 131 2
289 276 1
289 331 1
289 308 2
290 331 8
290 309 2
290 132 2
290 332 4
290 333 5
290 293 9
291 308 8
291 309 1
291 310 6
291 277 1
291 311 7
291 294 9
292 134 2
292 278 1
292 293 1
292 294 2
293 135 2
293 306 4
293 307 5
293 296 2
294 279 1
294 295 7
294 296 1
294 297 6
295 280 1
295 302 1
296 301 4
296 302 7
296 303 5
296 298 6
297 281 1
297 298 1
298 299 4
298 300 5
301 305 7
301 299 6
302 305 4
302 304 5
303 304 7
303 300 6
306 140 2
306 301 2
307 141 2
307 303 2
308 282 1
308 312 7
308 326 1
308 319 6
309 326 8
309 320 6
309 313 7
309 327 4
309 328 5
309 296 9
310 319 8
310 283 1
310 320 1
310 297 9
311 312 8
311 284 1
311 313 1
311 295 9
312 285 1
312 314 1
313 314 8
313 315 4
313 316 5
313 302 9
314 318 4
314 317 5
315 318 8
315 305 9
316 317 8
316 304 9
319 286 1
319 321 1
320 321 8
320 322 4
320 323 5
320 298 9
321 325 4
321 324 5
322 325 8
322 299 9
323 324 8
323 300 9
326 330 4
326 314 7
326 329 5
326 321 6
327 330 8
327 315 7
327 301 9
327 322 6
328 329 8
328 316 7
328 303 9
328 323 6
329 317 7
329 324 6
330 318 7
330 325 6
331 149 2
331 335 4
331 334 5
331 326 2
332 335 8
332 327 2
332 306 9
332 150 2
333 334 8
333 328 2
333 307 9
333 151 2
334 152 2
334 329 2
335 153 2
335 330 2
336 342 6
336 309 3
336 339 7
336 215 3
336 345 4
336 346 5
337 310 3
337 287 1
337 342 1
337 216 3
338 311 3
338 288 1
338 339 1
338 217 3
339 313 3
339 340 4
339 219 3
339 341 5
340 315 3
340 221 3
341 316 3
341 222 3
342 320 3
342 343 4
342 226 3
342 344 5
343 322 3
343 228 3
344 323 3
344 229 3
345 327 3
345 340 7
345 233 3
345 343 6
346 328 3
346 341 7
346 234 3
346 344 6
347 332 3
347 238 3
347 345 2
347 157 2
348 333 3
348 239 3
348 346 2
348 158 2
349 351 0
349 352 0
350 351 0
350 352 0
351 353 1
351 354 2
351 355 3
351 356 1
351 357 3
351 358 2
352 353 1
352 354 2
352 355 3
352 356 1
352 357 3
352 358 2
353 682 2
353 636 3
353 506 3
353 359 2
353 693 4
353 694 5
354 682 1
354 683 6
354 637 3
354 588 1
354 684 7
354 507 3
355 635 8
355 636 1
355 637 2
355 589 1
355 361 2
355 638 9
356 588 2
356 589 3
356 508 3
356 362 2
356 590 4
356 591 5
357 505 8
357 506 1
357 507 2
357 508 1
357 364 2
357 509 9
358 359 1
358 360 6
358 361 3
358 362 1
358 363 7
358 364 3
359 500 6
359 478 3
359 429 7
359 366 3
359 503 4
359 504 5
360 479 3
360 454 1
360 500 1
360 367 3
361 477 8
361 478 1
361 479 6
361 455 1
361 427 7
361 480 9
362 454 6
362 455 3
362 428 7
362 368 3
362 456 4
362 457 5
363 427 3
363 428 1
363 429 1
363 369 3
364 365 8
364 366 1
364 367 6
364 368 1
364 369 7
364 370 9
365 404 1
365 391 7
365 422 1
365 415 6
366 422 8
366 416 6
366 393 7
366 423 4
366 424 5
366 373 9
367 415 8
367 405 1
367 416 1
367 374 9
368 404 8
368 405 6
368 392 7
368 406 4
368 407 5
368 371 9
369 391 8
369 392 1
369 393 1
369 372 9
370 371 1
370 372 7
370 373 1
370 374 6
371 389 4
371 386 7
371 390 5
371 375 6
372 386 1
372 382 1
373 381 4
373 382 7
373 383 5
373 376 6
374 375 1
374 376 1
375 379 4
375 380 5
376 377 4
376 378 5
381 385 7
381 377 6
382 385 4
382 384 5
383 384 7
383 378 6
386 387 4
386 388 5
389 387 7
389 379 6
390 388 7
390 380 6
391 399 1
391 394 1
392 399 8
392 400 4
392 401 5
392 386 9
393 394 8
393 395 4
393 396 5
393 382 9
394 398 4
394 397 5
395 398 8
395 385 9
396 397 8
396 384 9
399 403 4
399 402 5
400 403 8
400 387 9
401 402 8
401 388 9
404 411 4
404 399 7
404 408 5
404 414 6
405 414 8
405 412 4
405 409 5
405 375 9
406 411 8
406 400 7
406 389 9
406 412 6
407 408 8
407 401 7
407 390 9
407 409 6
408 402 7
408 410 6
409 410 8
409 380 9
411 403 7
411 413 6
412 413 8
412 379 9
414 413 4
414 410 5
415 414 1
415 417 1
416 417 8
416 418 4
416 419 5
416 376 9
417 421 4
417 420 5
418 421 8
418 377 9
419 420 8
419 378 9
422 426 4
422 394 7
422 425 5
422 417 6
423 426 8
423 395 7
423 381 9
423 418 6
424 425 8
424 396 7
424 383 9
424 419 6
425 397 7
425 420 6
426 398 7
426 421 6
427 452 8
427 441 1
427 430 1
427 453 9
428 441 3
428 442 4
428 392 3
428 443 5
429 430 3
429 431 4
429 393 3
429 432 5
430 439 8
430 436 4
430 433 5
430 440 9
431 436 3
431 395 3
432 433 3
432 396 3
433 434 8
433 435 9
436 437 8
436 438 9
439 437 4
439 434 5
440 438 4
440 435 5
441 450 8
441 447 4
441 444 5
441 451 9
442 447 3
442 400 3
443 444 3
443 401 3
444 445 8
444 446 9
447 448 8
447 449 9
450 448 4
450 445 5
451 449 4
451 446 5
452 450 1
452 439 1
453 451 1
453 440 1
454 473 3
454 466 4
454 405 3
454 459 5
455 472 8
455 473 6
455 441 7
455 465 4
455 458 5
455 474 9
456 465 3
456 442 7
456 406 3
456 466 6
457 458 3
457 443 7
457 407 3
457 459 6
458 463 8
458 444 7
458 464 9
458 460 6
459 460 3
459 409 3
460 461 8
460 462 9
463 445 7
463 461 6
464 446 7
464 462 6
465 470 8
465 447 7
465 471 9
465 467 6
466 467 3
466 412 3
467 468 8
467 469 9
470 448 7
470 468 6
471 449 7
471 469 6
472 470 4
472 450 7
472 463 5
472 476 6
473 476 8
473 467 4
473 460 5
473 475 9
474 471 4
474 451 7
474 464 5
474 475 6
475 469 4
475 462 5
476 468 4
476 461 5
477 472 1
477 452 7
477 495 1
477 488 6
478 495 8
478 489 6
478 430 7
478 496 4
478 497 5
478 481 9
479 488 8
479 473 1
479 489 1
479 482 9
480 474 1
480 453 7
480 481 1
480 482 6
481 486 4
481 440 7
481 487 5
481 483 6
482 475 1
482 483 1
483 484 4
483 485 5
486 438 7
486 484 6
487 435 7
487 485 6
488 476 1
488 490 1
489 490 8
489 491 4
489 492 5
489 483 9
490 494 4
490 493 5
491 494 8
491 484 9
492 493 8
492 485 9
495 499 4
495 439 7
495 498 5
495 490 6
496 499 8
496 436 7
496 486 9
496 491 6
497 498 8
497 433 7
497 487 9
497 492 6
498 434 7
498 493 6
499 437 7
499 494 6
500 489 3
500 501 4
500 416 3
500 502 5
501 491 3
501 418 3
502 492 3
502 419 3
503 496 3
503 431 7
503 423 3
503 501 6
504 497 3
504 432 7
504 424 3
504 502 6
505 365 2
505 537 1
505 583 1
505 560 2
506 583 8
506 561 2
506 366 2
506 584 4
506 585 5
506 511 9
507 560 8
507 561 1
507 562 6
507 538 1
507 563 7
507 512 9
508 537 8
508 538 2
508 368 2
508 539 4
508 540 5
508 510 9
509 370 2
509 510 1
509 511 1
509 512 2
510 371 2
510 535 4
510 536 5
510 513 2
511 373 2
511 533 4
511 534 5
511 515 2
512 513 1
512 514 7
512 515 1
512 516 6
513 531 4
513 528 7
513 532 5
513 517 6
514 528 1
514 524 1
515 523 4
515 524 7
515 525 5
515 518 6
516 517 1
516 518 1
517 521 4
517 522 5
518 519 4
518 520 5
523 527 7
523 519 6
524 527 4
524 526 5
525 526 7
525 520 6
528 529 4
528 530 5
531 529 7
531 521 6
532 530 7
532 522 6
533 381 2
533 523 2
534 383 2
534 525 2
535 389 2
535 531 2
536 390 2
536 532 2
537 404 2
537 548 4
537 541 5
537 555 2
538 555 8
538 556 6
538 557 7
538 549 4
538 542 5
538 513 9
539 548 8
539 549 2
539 535 9
539 406 2
540 541 8
540 542 2
540 536 9
540 407 2
541 408 2
541 543 2
542 543 8
542 544 7
542 532 9
542 545 6
543 547 7
543 546 6
544 547 8
544 530 9
545 546 8
545 522 9
548 411 2
548 550 2
549 550 8
549 551 7
549 531 9
549 552 6
550 554 7
550 553 6
551 554 8
551 529 9
552 553 8
552 521 9
555 550 4
555 558 7
555 543 5
555 559 6
556 559 8
556 552 4
556 545 5
556 517 9
557 558 8
557 551 4
557 544 5
557 528 9
558 554 4
558 547 5
559 553 4
559 546 5
560 555 1
560 564 7
560 578 1
560 571 6
561 578 8
561 572 6
561 565 7
561 579 4
561 580 5
561 515 9
562 571 8
562 556 1
562 572 1
562 516 9
563 564 8
563 557 1
563 565 1
563 514 9
564 558 1
564 566 1
565 566 8
565 567 4
565 568 5
565 524 9
566 570 4
566 569 5
567 570 8
567 527 9
568 569 8
568 526 9
571 559 1
571 573 1
572 573 8
572 574 4
572 575 5
572 518 9
573 577 4
573 576 5
574 577 8
574 519 9
575 576 8
575 520 9
578 582 4
578 566 7
578 581 5
578 573 6
579 582 8
579 567 7
579 523 9
579 574 6
580 581 8
580 568 7
580 525 9
580 575 6
581 569 7
581 576 6
582 570 7
582 577 6
583 422 2
583 587 4
583 586 5
583 578 2
584 587 8
584 579 2
584 533 9
584 423 2
585 586 8
585 580 2
585 534 9
585 424 2
586 425 2
586 581 2
587 426 2
587 582 2
588 633 6
588 623 3
588 634 7
588 538 3
588 608 4
588 593 5
589 622 8
589 623 2
589 455 2
589 607 4
589 592 5
589 624 9
590 607 3
590 539 3
590 608 2
590 456 2
591 592 3
591 540 3
591 593 2
591 457 2
592 605 8
592 594 2
592 606 9
592 458 2
593 594 3
593 595 7
593 542 3
593 596 6
594 603 8
594 600 7
594 604 9
594 597 6
595 600 3
595 544 3
596 597 3
596 545 3
597 598 8
597 599 9
600 601 8
600 602 9
603 601 7
603 598 6
604 602 7
604 599 6
605 463 2
605 603 2
606 464 2
606 604 2
607 620 8
607 609 2
607 621 9
607 465 2
608 609 3
608 610 7
608 549 3
608 611 6
609 618 8
609 615 7
609 619 9
609 612 6
610 615 3
610 551 3
611 612 3
611 552 3
612 613 8
612 614 9
615 616 8
615 617 9
618 616 7
618 613 6
619 617 7
619 614 6
620 470 2
620 618 2
621 471 2
621 619 2
622 472 2
622 620 4
622 605 5
622 628 2
623 628 8
623 629 6
623 630 7
623 609 4
623 594 5
623 625 9
624 474 2
624 621 4
624 606 5
624 625 2
625 619 4
625 626 7
625 604 5
625 627 6
626 617 4
626 602 5
627 614 4
627 599 5
628 618 4
628 631 7
628 603 5
628 632 6
629 632 8
629 612 4
629 597 5
629 627 9
630 631 8
630 615 4
630 600 5
630 626 9
631 616 4
631 601 5
632 613 4
632 598 5
633 629 3
633 611 4
633 556 3
633 596 5
634 630 3
634 610 4
634 557 3
634 595 5
635 477 2
635 622 1
635 677 1
635 654 2
636 677 8
636 655 2
636 478 2
636 678 4
636 679 5
636 639 9
637 654 8
637 655 1
637 656 6
637 623 1
637 657 7
637 640 9
638 480 2
638 624 1
638 639 1
638 640 2
639 481 2
639 652 4
639 653 5
639 642 2
640 625 1
640 641 7
640 642 1
640 643 6
641 626 1
641 648 1
642 647 4
642 648 7
642 649 5
642 644 6
643 627 1
643 644 1
644 645 4
644 646 5
647 651 7
647 645 6
648 651 4
648 650 5
649 650 7
649 646 6
652 486 2
652 647 2
653 487 2
653 649 2
654 628 1
654 658 7
654 672 1
654 665 6
655 672 8
655 666 6
655 659 7
655 673 4
655 674 5
655 642 9
656 665 8
656 629 1
656 666 1
656 643 9
657 658 8
657 630 1
657 659 1
657 641 9
658 631 1
658 660 1
659 660 8
659 661 4
659 662 5
659 648 9
660 664 4
660 663 5
661 664 8
661 651 9
662 663 8
662 650 9
665 632 1
665 667 1
666 667 8
666 668 4
666 669 5
666 644 9
667 671 4
667 670 5
668 671 8
668 645 9
669 670 8
669 646 9
672 676 4
672 660 7
672 675 5
672 667 6
673 676 8
673 661 7
673 647 9
673 668 6
674 675 8
674 662 7
674 649 9
674 669 6
675 663 7
675 670 6
676 664 7
676 671 6
677 495 2
677 681 4
677 680 5
677 672 2
678 681 8
678 673 2
678 652 9
678 496 2
679 680 8
679 674 2
679 653 9
679 497 2
680 498 2
680 675 2
681 499 2
681 676 2
682 688 6
682 655 3
682 685 7
682 561 3
682 691 4
682 692 5
683 656 3
683 633 1
683 688 1
683 562 3
684 657 3
684 634 1
684 685 1
684 563 3
685 659 3
685 686 4
685 565 3
685 687 5
686 661 3
686 567 3
687 662 3
687 568 3
688 666 3
688 689 4
688 572 3
688 690 5
689 668 3
689 574 3
690 669 3
690 575 3
691 673 3
691 686 7
691 579 3
691 689 6
692 674 3
692 687 7
692 580 3
692 690 6
693 678 3
693 584 3
693 691 2
693 503 2
694 679 3
694 585 3
694 692 2
694 504 2
493
1 0
2 1 2
4 3 4 349 350
4 352 5 6 351
2 353 7
2 8 354
1 9
2 10 356
2 11 357
2 12 358
2 13 359
2 360 14
1 15
2 16 362
2 17 363
2 18 364
2 19 365
2 20 366
2 21 367
2 368 22
2 369 23
2 24 370
2 25 371
2 26 372
2 27 373
2 28 374
2 29 375
2 376 30
2 377 31
2 32 378
2 33 379
2 34 380
2 35 381
2 36 382
2 37 383
2 384 38
2 385 39
2 40 386
2 41 387
2 42 388
2 43 389
2 44 390
2 45 391
2 392 46
2 393 47
2 48 394
2 49 395
2 50 396
2 51 397
2 52 398
2 53 399
2 400 54
2 401 55
2 56 402
2 57 403
2 58 404
2 59 405
2 60 406
2 61 407
2 408 62
2 409 63
2 64 410
2 65 411
2 66 412
2 67 413
2 68 414
2 69 415
2 416 70
2 417 71
2 72 418
2 73 419
2 74 420
2 75 421
2 76 422
2 77 423
2 424 78
2 425 79
2 80 426
1 81
2 82 428
2 83 429
1 84
2 85 431
2 432 86
1 87
1 88
1 89
1 90
1 91
1 92
1 93
1 94
1 95
2 96 442
2 97 443
1 98
1 99
1 100
1 101
1 102
1 103
1 104
1 105
1 106
1 107
2 108 454
1 109
2 456 110
2 457 111
1 112
2 113 459
1 114
1 115
1 116
1 117
1 118
1 119
2 120 466
1 121
1 122
1 123
1 124
1 125
1 126
1 127
1 128
1 129
1 130
1 131
1 132
1 133
1 134
1 135
1 136
1 137
1 138
1 139
1 140
1 141
1 142
1 143
1 144
1 145
1 146
1 147
1 148
1 149
1 150
1 151
1 152
1 153
2 154 500
2 155 501
2 156 502
2 157 503
2 504 158
2 505 159
2 160 506
2 161 507
2 162 508
2 163 509
2 164 510
2 165 511
2 512 166
2 513 167
2 168 514
2 169 515
2 170 516
2 171 517
2 172 518
2 173 519
2 520 174
2 521 175
2 176 522
2 177 523
2 178 524
2 179 525
2 180 526
2 181 527
2 528 182
2 529 183
2 184 530
2 185 531
2 186 532
2 187 533
2 188 534
2 189 535
2 536 190
2 537 191
2 192 538
2 193 539
2 194 540
2 195 541
2 196 542
2 197 543
2 544 198
2 545 199
2 200 546
2 201 547
2 202 548
2 203 549
2 204 550
2 205 551
2 552 206
2 553 207
2 208 554
2 209 555
2 210 556
2 211 557
2 212 558
2 213 559
2 560 214
2 561 215
2 216 562
2 217 563
2 218 564
2 219 565
2 220 566
2 221 567
2 568 222
2 569 223
2 224 570
2 225 571
2 226 572
2 227 573
2 228 574
2 229 575
2 576 230
2 577 231
2 232 578
2 233 579
2 234 580
2 235 581
2 236 582
2 237 583
2 584 238
2 585 239
2 240 586
2 241 587
2 242 588
1 243
2 244 590
2 245 591
1 246
2 593 247
1 248
2 249 595
2 250 596
1 251
1 252
1 253
1 254
1 255
1 256
1 257
1 258
1 259
1 260
1 261
2 608 262
1 263
2 264 610
2 265 611
1 266
1 267
1 268
1 269
1 270
1 271
1 272
1 273
1 274
1 275
1 276
1 277
1 278
1 279
1 280
1 281
1 282
1 283
1 284
1 285
1 286
2 633 287
2 288 634
1 289
1 290
1 291
1 292
1 293
1 294
1 295
1 296
1 297
1 298
1 299
1 300
1 301
1 302
1 303
1 304
1 305
1 306
1 307
1 308
1 309
1 310
1 311
1 312
1 313
1 314
1 315
1 316
1 317
1 318
1 319
1 320
1 321
1 322
1 323
1 324
1 325
1 326
1 327
1 328
1 329
1 330
1 331
1 332
1 333
1 334
1 335
2 336 682
2 337 683
2 338 684
2 339 685
2 340 686
2 341 687
2 688 342
2 689 343
2 344 690
2 345 691
2 346 692
2 347 693
2 348 694
1 355
1 361
1 427
1 430
1 433
1 434
1 435
1 436
1 437
1 438
1 439
1 440
1 441
1 444
1 445
1 446
1 447
1 448
1 449
1 450
1 451
1 452
1 453
1 455
1 458
1 460
1 461
1 462
1 463
1 464
1 465
1 467
1 468
1 469
1 470
1 471
1 472
1 473
1 474
1 475
1 476
1 477
1 478
1 479
1 480
1 481
1 482
1 483
1 484
1 485
1 486
1 487
1 488
1 489
1 490
1 491
1 492
1 493
1 494
1 495
1 496
1 497
1 498
1 499
1 589
1 592
1 594
1 597
1 598
1 599
1 600
1 601
1 602
1 603
1 604
1 605
1 606
1 607
1 609
1 612
1 613
1 614
1 615
1 616
1 617
1 618
1 619
1 620
1 621
1 622
1 623
1 624
1 625
1 626
1 627
1 628
1 629
1 630
1 631
1 632
1 635
1 636
1 637
1 638
1 639
1 640
1 641
1 642
1 643
1 644
1 645
1 646
1 647
1 648
1 649
1 650
1 651
1 652
1 653
1 654
1 655
1 656
1 657
1 658
1 659
1 660
1 661
1 662
1 663
1 664
1 665
1 666
1 667
1 668
1 669
1 670
1 671
1 672
1 673
1 674
1 675
1 676
1 677
1 678
1 679
1 680
1 681
196
19
45
48
51
52
53
56
57
58
62
64
65
67
68
69
71
74
75
76
79
80
88
91
93
99
102
104
106
115
117
122
124
126
130
131
142
144
147
148
149
152
153
159
191
195
197
200
201
202
204
207
208
209
212
213
214
218
220
223
224
225
227
230
231
232
235
236
237
240
241
252
255
257
259
267
270
272
274
276
282
285
286
289
308
312
314
317
318
319
321
324
325
326
329
330
331
334
335
365
391
394
397
398
399
402
403
404
408
410
411
413
414
415
417
420
421
422
425
426
434
437
439
445
448
450
452
461
463
468
470
472
476
477
488
490
493
494
495
498
499
505
537
541
543
546
547
548
550
553
554
555
558
559
560
564
566
569
570
571
573
576
577
578
581
582
583
586
587
598
601
603
605
613
616
618
620
622
628
631
632
635
654
658
660
663
664
665
667
670
671
672
675
676
677
680
681
0
