101
1
174
0 1 0
0 2 0
1 3 0
1 4 0
2 3 0
2 4 0
3 53 1
3 54 2
3 55 2
3 56 1
4 5 1
4 6 2
4 7 2
4 8 1
5 51 3
5 40 2
5 29 2
5 52 4
6 40 1
6 41 5
6 10 1
6 42 6
7 29 1
7 30 5
7 11 1
7 31 6
8 9 3
8 10 2
8 11 2
8 12 4
9 24 2
9 19 2
10 24 3
10 25 5
10 26 6
10 13 4
11 19 3
11 20 5
11 21 6
11 14 4
12 13 2
12 14 2
13 17 5
13 18 6
14 15 5
14 16 6
19 23 5
19 22 6
20 23 3
20 15 4
21 22 3
21 16 4
24 28 5
24 27 6
25 28 3
25 17 4
26 27 3
26 18 4
29 38 3
29 35 5
29 32 6
29 39 4
30 35 1
30 20 1
31 32 1
31 21 1
32 33 3
32 34 4
35 36 3
35 37 4
38 36 5
38 33 6
39 37 5
39 34 6
40 49 3
40 46 5
40 43 6
40 50 4
41 46 1
41 25 1
42 43 1
42 26 1
43 44 3
43 45 4
46 47 3
46 48 4
49 47 5
49 44 6
50 48 5
50 45 6
51 49 2
51 38 2
52 50 2
52 39 2
53 99 3
53 88 2
53 77 2
53 100 4
54 88 1
54 89 5
54 58 1
54 90 6
55 77 1
55 78 5
55 59 1
55 79 6
56 57 3
56 58 2
56 59 2
56 60 4
57 72 2
57 67 2
58 72 3
58 73 5
58 74 6
58 61 4
59 67 3
59 68 5
59 69 6
59 62 4
60 61 2
60 62 2
61 65 5
61 66 6
62 63 5
62 64 6
67 71 5
67 70 6
68 71 3
68 63 4
69 70 3
69 64 4
72 76 5
72 75 6
73 76 3
73 65 4
74 75 3
74 66 4
77 86 3
77 83 5
77 80 6
77 87 4
78 83 1
78 68 1
79 80 1
79 69 1
80 81 3
80 82 4
83 84 3
83 85 4
86 84 5
86 81 6
87 85 5
87 82 6
88 97 3
88 94 5
88 91 6
88 98 4
89 94 1
89 73 1
90 91 1
90 74 1
91 92 3
91 93 4
94 95 3
94 96 4
97 95 5
97 92 6
98 96 5
98 93 6
99 97 2
99 86 2
100 98 2
100 87 2
72
1 0
2 1 2
2 3 4
1 5
2 54 6
2 55 7
2 8 56
2 9 57
2 10 58
2 59 11
2 12 60
2 61 13
2 62 14
2 63 15
2 16 64
2 65 17
2 18 66
2 67 19
2 20 68
2 69 21
2 70 22
2 71 23
2 24 72
2 73 25
2 26 74
2 75 27
2 28 76
1 29
2 78 30
2 79 31
1 32
1 33
1 34
1 35
1 36
1 37
1 38
1 39
1 40
2 89 41
2 42 90
1 43
1 44
1 45
1 46
1 47
1 48
1 49
1 50
1 51
1 52
1 53
1 77
1 80
1 81
1 82
1 83
1 84
1 85
1 86
1 87
1 88
1 91
1 92
1 93
1 94
1 95
1 96
1 97
1 98
1 99
1 100
28
9
19
22
23
24
27
28
33
36
38
44
47
49
51
57
67
70
71
72
75
76
81
84
86
92
95
97
99
0
