321
1
676
0 1 0
0 2 0
0 3 0
0 4 0
1 5 1
1 6 1
1 7 0
1 8 0
2 9 1
2 10 1
2 11 0
2 12 0
3 7 0
3 11 0
3 13 2
3 14 2
4 8 0
4 12 0
4 15 2
4 16 2
5 17 3
5 18 4
5 19 0
5 20 0
6 21 3
6 22 4
6 23 0
6 24 0
7 25 1
7 26 1
7 27 2
7 28 2
8 29 1
8 30 1
8 31 2
8 32 2
9 33 3
9 34 4
9 35 0
9 36 0
10 37 3
10 38 4
10 39 0
10 40 0
11 41 1
11 42 1
11 43 2
11 44 2
12 45 1
12 46 1
12 47 2
12 48 2
13 49 0
13 50 0
13 51 5
13 52 6
14 53 0
14 54 0
14 55 5
14 56 6
15 57 0
15 58 0
15 59 5
15 60 6
16 61 0
16 62 0
16 63 5
16 64 6
17 65 0
17 66 0
18 67 0
18 68 0
19 65 3
19 67 4
19 69 2
19 70 2
20 66 3
20 68 4
20 71 2
20 72 2
21 73 0
21 74 0
22 75 0
22 76 0
23 73 3
23 75 4
23 77 2
23 78 2
24 74 3
24 76 4
24 79 2
24 80 2
25 65 3
25 67 4
25 69 2
25 70 2
26 73 3
26 75 4
26 77 2
26 78 2
27 81 1
27 82 1
27 83 5
27 84 6
28 85 1
28 86 1
28 87 5
28 88 6
29 66 3
29 68 4
29 71 2
29 72 2
30 74 3
30 76 4
30 79 2
30 80 2
31 89 1
31 90 1
31 91 5
31 92 6
32 93 1
32 94 1
32 95 5
32 96 6
33 97 0
33 98 0
34 99 0
34 100 0
35 97 3
35 99 4
35 101 2
35 102 2
36 98 3
36 100 4
36 103 2
36 104 2
37 105 0
37 106 0
38 107 0
38 108 0
39 105 3
39 107 4
39 109 2
39 110 2
40 106 3
40 108 4
40 111 2
40 112 2
41 97 3
41 99 4
41 101 2
41 102 2
42 105 3
42 107 4
42 109 2
42 110 2
43 113 1
43 114 1
43 115 5
43 116 6
44 117 1
44 118 1
44 119 5
44 120 6
45 98 3
45 100 4
45 103 2
45 104 2
46 106 3
46 108 4
46 111 2
46 112 2
47 121 1
47 122 1
47 123 5
47 124 6
48 125 1
48 126 1
48 127 5
48 128 6
49 81 1
49 82 1
49 83 5
49 84 6
50 113 1
50 114 1
50 115 5
50 116 6
51 83 0
51 115 0
52 84 0
52 116 0
53 85 1
53 86 1
53 87 5
53 88 6
54 117 1
54 118 1
54 119 5
54 120 6
55 87 0
55 119 0
56 88 0
56 120 0
57 89 1
57 90 1
57 91 5
57 92 6
58 121 1
58 122 1
58 123 5
58 124 6
59 91 0
59 123 0
60 92 0
60 124 0
61 93 1
61 94 1
61 95 5
61 96 6
62 125 1
62 126 1
62 127 5
62 128 6
63 95 0
63 127 0
64 96 0
64 128 0
65 129 2
65 130 2
66 131 2
66 132 2
67 133 2
67 134 2
68 135 2
68 136 2
69 137 3
69 138 4
69 139 5
69 140 6
70 141 3
70 142 4
70 143 5
70 144 6
71 145 3
71 146 4
71 147 5
71 148 6
72 149 3
72 150 4
72 151 5
72 152 6
73 153 2
73 154 2
74 155 2
74 156 2
75 157 2
75 158 2
76 159 2
76 160 2
77 161 3
77 162 4
77 163 5
77 164 6
78 165 3
78 166 4
78 167 5
78 168 6
79 169 3
79 170 4
79 171 5
79 172 6
80 173 3
80 174 4
80 175 5
80 176 6
81 137 3
81 138 4
81 139 5
81 140 6
82 161 3
82 162 4
82 163 5
82 164 6
83 177 1
83 178 1
84 179 1
84 180 1
85 141 3
85 142 4
85 143 5
85 144 6
86 165 3
86 166 4
86 167 5
86 168 6
87 181 1
87 182 1
88 183 1
88 184 1
89 145 3
89 146 4
89 147 5
89 148 6
90 169 3
90 170 4
90 171 5
90 172 6
91 185 1
91 186 1
92 187 1
92 188 1
93 149 3
93 150 4
93 151 5
93 152 6
94 173 3
94 174 4
94 175 5
94 176 6
95 189 1
95 190 1
96 191 1
96 192 1
97 193 2
97 194 2
98 195 2
98 196 2
99 197 2
99 198 2
100 199 2
100 200 2
101 201 3
101 202 4
101 203 5
101 204 6
102 205 3
102 206 4
102 207 5
102 208 6
103 209 3
103 210 4
103 211 5
103 212 6
104 213 3
104 214 4
104 215 5
104 216 6
105 217 2
105 218 2
106 219 2
106 220 2
107 221 2
107 222 2
108 223 2
108 224 2
109 225 3
109 226 4
109 227 5
109 228 6
110 229 3
110 230 4
110 231 5
110 232 6
111 233 3
111 234 4
111 235 5
111 236 6
112 237 3
112 238 4
112 239 5
112 240 6
113 201 3
113 202 4
113 203 5
113 204 6
114 225 3
114 226 4
114 227 5
114 228 6
115 241 1
115 242 1
116 243 1
116 244 1
117 205 3
117 206 4
117 207 5
117 208 6
118 229 3
118 230 4
118 231 5
118 232 6
119 245 1
119 246 1
120 247 1
120 248 1
121 209 3
121 210 4
121 211 5
121 212 6
122 233 3
122 234 4
122 235 5
122 236 6
123 249 1
123 250 1
124 251 1
124 252 1
125 213 3
125 214 4
125 215 5
125 216 6
126 237 3
126 238 4
126 239 5
126 240 6
127 253 1
127 254 1
128 255 1
128 256 1
129 257 5
129 258 6
130 259 5
130 260 6
131 261 5
131 262 6
132 263 5
132 264 6
133 265 5
133 266 6
134 267 5
134 268 6
135 269 5
135 270 6
136 271 5
136 272 6
137 257 5
137 258 6
138 265 5
138 266 6
139 257 3
139 265 4
140 258 3
140 266 4
141 259 5
141 260 6
142 267 5
142 268 6
143 259 3
143 267 4
144 260 3
144 268 4
145 261 5
145 262 6
146 269 5
146 270 6
147 261 3
147 269 4
148 262 3
148 270 4
149 263 5
149 264 6
150 271 5
150 272 6
151 263 3
151 271 4
152 264 3
152 272 4
153 273 5
153 274 6
154 275 5
154 276 6
155 277 5
155 278 6
156 279 5
156 280 6
157 281 5
157 282 6
158 283 5
158 284 6
159 285 5
159 286 6
160 287 5
160 288 6
161 273 5
161 274 6
162 281 5
162 282 6
163 273 3
163 281 4
164 274 3
164 282 4
165 275 5
165 276 6
166 283 5
166 284 6
167 275 3
167 283 4
168 276 3
168 284 4
169 277 5
169 278 6
170 285 5
170 286 6
171 277 3
171 285 4
172 278 3
172 286 4
173 279 5
173 280 6
174 287 5
174 288 6
175 279 3
175 287 4
176 280 3
176 288 4
177 257 3
177 265 4
178 273 3
178 281 4
179 258 3
179 266 4
180 274 3
180 282 4
181 259 3
181 267 4
182 275 3
182 283 4
183 260 3
183 268 4
184 276 3
184 284 4
185 261 3
185 269 4
186 277 3
186 285 4
187 262 3
187 270 4
188 278 3
188 286 4
189 263 3
189 271 4
190 279 3
190 287 4
191 264 3
191 272 4
192 280 3
192 288 4
193 289 5
193 290 6
194 291 5
194 292 6
195 293 5
195 294 6
196 295 5
196 296 6
197 297 5
197 298 6
198 299 5
198 300 6
199 301 5
199 302 6
200 303 5
200 304 6
201 289 5
201 290 6
202 297 5
202 298 6
203 289 3
203 297 4
204 290 3
204 298 4
205 291 5
205 292 6
206 299 5
206 300 6
207 291 3
207 299 4
208 292 3
208 300 4
209 293 5
209 294 6
210 301 5
210 302 6
211 293 3
211 301 4
212 294 3
212 302 4
213 295 5
213 296 6
214 303 5
214 304 6
215 295 3
215 303 4
216 296 3
216 304 4
217 305 5
217 306 6
218 307 5
218 308 6
219 309 5
219 310 6
220 311 5
220 312 6
221 313 5
221 314 6
222 315 5
222 316 6
223 317 5
223 318 6
224 319 5
224 320 6
225 305 5
225 306 6
226 313 5
226 314 6
227 305 3
227 313 4
228 306 3
228 314 4
229 307 5
229 308 6
230 315 5
230 316 6
231 307 3
231 315 4
232 308 3
232 316 4
233 309 5
233 310 6
234 317 5
234 318 6
235 309 3
235 317 4
236 310 3
236 318 4
237 311 5
237 312 6
238 319 5
238 320 6
239 311 3
239 319 4
240 312 3
240 320 4
241 289 3
241 297 4
242 305 3
242 313 4
243 290 3
243 298 4
244 306 3
244 314 4
245 291 3
245 299 4
246 307 3
246 315 4
247 292 3
247 300 4
248 308 3
248 316 4
249 293 3
249 301 4
250 309 3
250 317 4
251 294 3
251 302 4
252 310 3
252 318 4
253 295 3
253 303 4
254 311 3
254 319 4
255 296 3
255 304 4
256 312 3
256 320 4
132
1 0
16 1 2 3 4 7 8 39 40 11 12 53 54 23 24 61 62
5 5 93 85 25 29
10 126 6 10 42 46 86 118 94 26 30
5 9 41 45 117 125
5 43 109 77 13 27
10 32 44 14 78 16 48 80 110 112 28
5 111 47 79 15 31
5 65 66 141 17 149
5 67 68 142 18 150
2 19 20
10 37 165 229 73 74 105 106 173 237 21
10 38 166 230 107 75 76 108 174 238 22
5 33 98 97 205 213
5 34 99 100 206 214
2 35 36
2 49 50
5 163 227 115 83 51
5 164 228 116 52 84
10 167 231 175 239 55 87 119 127 63 95
10 64 96 128 168 232 176 240 56 88 120
2 57 58
5 59 91 171 235 123
5 172 236 60 92 124
1 69
2 72 70
1 71
1 81
2 82 114
1 89
2 90 122
1 101
2 104 102
1 103
1 113
1 121
1 129
2 130 132
1 131
1 133
2 136 134
1 135
1 137
1 138
1 139
1 140
2 151 143
2 144 152
1 145
1 146
1 147
1 148
2 153 217
4 218 154 220 156
2 155 219
2 221 157
4 160 224 222 158
2 223 159
2 161 225
2 162 226
2 169 233
2 170 234
1 177
2 178 242
1 179
2 180 244
2 181 189
4 190 254 182 246
2 191 183
4 184 248 256 192
1 185
2 186 250
1 187
2 188 252
1 193
2 194 196
1 195
1 197
2 200 198
1 199
1 201
1 202
1 203
1 204
2 215 207
2 208 216
1 209
1 210
1 211
1 212
1 241
1 243
2 253 245
2 255 247
1 249
1 251
1 257
1 258
2 259 263
2 264 260
1 261
1 262
1 265
1 266
2 267 271
2 272 268
1 269
1 270
2 273 305
2 274 306
4 307 275 311 279
4 280 312 276 308
2 309 277
2 310 278
2 281 313
2 282 314
4 315 283 319 287
4 288 320 284 316
2 317 285
2 318 286
1 289
1 290
2 291 295
2 296 292
1 293
1 294
1 297
1 298
2 299 303
2 304 300
1 301
1 302
76
17
21
33
37
65
66
73
74
97
98
105
106
129
130
131
132
137
141
145
149
153
154
155
156
161
165
169
173
193
194
195
196
201
205
209
213
217
218
219
220
225
229
233
237
257
258
259
260
261
262
263
264
273
274
275
276
277
278
279
280
289
290
291
292
293
294
295
296
305
306
307
308
309
310
311
312
0
