522
1
1352
0 1 1
0 2 2
0 3 3
0 4 4
0 5 5
0 6 6
0 7 7
0 8 8
1 9 9
1 5 3
1 6 4
1 10 10
1 11 11
2 7 3
2 8 4
2 12 0
2 13 3
2 14 4
3 5 1
3 7 2
3 15 12
3 16 13
3 17 14
4 6 1
4 8 2
4 18 12
4 19 13
4 20 14
5 10 9
5 16 12
5 21 15
6 11 9
6 19 12
6 22 15
7 17 12
7 13 0
7 23 12
8 20 12
8 14 0
8 24 12
9 10 3
9 11 4
10 21 12
11 22 12
12 25 16
12 13 3
12 14 4
12 26 17
12 27 18
13 26 16
13 23 12
13 28 19
14 27 16
14 24 12
14 29 19
15 16 1
15 17 2
16 21 9
17 23 0
18 19 1
18 20 2
19 22 9
20 24 0
21 21 0
22 22 0
23 28 16
24 29 16
25 26 3
25 27 4
25 30 0
25 31 3
25 32 4
26 28 12
26 31 0
26 33 12
27 29 12
27 32 0
27 34 12
28 33 0
29 34 0
30 35 20
30 31 3
30 32 4
30 36 21
30 37 22
31 36 20
31 33 12
31 38 23
32 37 20
32 34 12
32 39 23
33 38 20
34 39 20
35 40 1
35 36 3
35 37 4
35 41 5
35 42 6
36 41 1
36 38 12
36 43 13
37 42 1
37 39 12
37 44 13
38 43 1
39 44 1
40 45 24
40 46 9
40 41 3
40 42 4
40 47 25
40 48 26
40 49 10
40 50 11
41 47 24
41 49 9
41 43 12
41 51 27
41 52 15
42 48 24
42 50 9
42 44 12
42 53 27
42 54 15
43 51 24
43 52 9
44 53 24
44 54 9
45 47 3
45 48 4
45 55 0
45 56 3
45 57 4
46 49 3
46 50 4
47 51 12
47 56 0
47 58 12
48 53 12
48 57 0
48 59 12
49 52 12
50 54 12
51 58 0
52 52 0
53 59 0
54 54 0
55 60 28
55 56 3
55 57 4
55 61 29
55 62 30
55 63 31
55 64 32
56 62 28
56 58 12
56 65 33
57 63 28
57 59 12
57 66 33
58 65 28
59 66 28
60 62 3
60 63 4
60 64 29
60 67 0
60 68 3
60 69 4
60 70 29
61 64 28
62 65 12
62 68 0
62 71 12
63 66 12
63 69 0
63 72 12
64 70 0
65 71 0
66 72 0
67 73 34
67 68 3
67 69 4
67 70 29
67 74 35
67 75 36
67 76 37
68 74 34
68 71 12
68 77 38
69 75 34
69 72 12
69 78 38
70 76 34
70 79 0
70 80 34
71 77 34
72 78 34
73 81 9
73 74 3
73 75 4
73 76 29
73 82 10
73 83 11
73 84 39
74 82 9
74 77 12
74 85 15
75 83 9
75 78 12
75 86 15
76 84 9
76 80 0
76 87 9
77 85 9
78 86 9
79 80 34
79 88 40
79 89 41
80 87 9
80 89 40
80 90 42
81 82 3
81 83 4
81 84 29
82 85 12
83 86 12
84 87 0
85 85 0
86 86 0
87 90 40
88 89 34
88 91 0
88 92 34
89 90 9
89 92 0
89 93 9
90 93 0
91 92 34
91 94 43
91 95 0
91 96 44
91 97 34
91 98 43
91 99 44
92 93 9
92 96 43
92 100 45
93 100 43
94 96 34
94 101 3
94 102 4
94 103 46
94 98 0
94 104 35
94 105 36
94 106 47
94 99 34
94 107 3
94 108 4
94 109 46
94 110 35
94 111 36
94 112 47
95 98 43
95 113 0
95 114 43
96 100 9
96 104 3
96 105 4
96 106 46
96 115 10
96 116 11
96 117 48
97 118 9
97 99 43
97 119 45
98 107 3
98 108 4
98 109 46
98 114 0
98 120 3
98 121 4
98 122 46
99 119 9
99 110 3
99 111 4
99 112 46
99 123 10
99 124 11
99 125 48
100 115 3
100 116 4
100 117 46
101 104 34
101 126 49
101 127 12
101 107 0
101 128 50
101 129 38
101 110 34
101 130 49
101 131 12
101 132 50
101 133 38
102 105 34
102 134 51
102 135 12
102 108 0
102 136 52
102 137 38
102 111 34
102 138 51
102 139 12
102 140 52
102 141 38
103 106 34
103 109 0
103 142 0
103 112 34
103 143 34
104 115 9
104 128 49
104 129 12
104 144 53
104 145 15
105 116 9
105 136 51
105 137 12
105 146 54
105 147 15
106 117 9
106 143 0
106 148 9
107 130 49
107 131 12
107 120 0
107 149 49
107 150 12
108 138 51
108 139 12
108 121 0
108 151 51
108 152 12
109 122 0
110 123 9
110 132 49
110 133 12
110 153 53
110 154 15
111 124 9
111 140 51
111 141 12
111 155 54
111 156 15
112 125 9
113 157 34
113 114 43
113 88 0
113 158 44
113 89 34
113 159 43
113 160 44
114 158 34
114 120 3
114 121 4
114 122 46
114 161 35
114 162 36
114 163 47
115 144 49
115 145 12
116 146 51
116 147 12
117 148 0
118 119 43
119 123 3
119 124 4
119 125 46
120 161 34
120 149 49
120 150 12
120 164 50
120 165 38
121 162 34
121 151 51
121 152 12
121 166 52
121 167 38
122 163 34
122 168 0
122 169 34
123 153 49
123 154 12
124 155 51
124 156 12
126 128 34
126 130 0
126 170 0
126 132 34
126 171 34
127 129 34
127 131 0
127 133 34
128 144 9
128 171 0
128 172 9
129 145 9
130 149 0
131 150 0
132 153 9
133 154 9
134 136 34
134 173 0
134 138 0
134 174 34
134 140 34
135 137 34
135 139 0
135 141 34
136 146 9
136 174 0
136 175 9
137 147 9
138 151 0
139 152 0
140 155 9
141 156 9
142 143 34
142 176 55
142 177 56
143 148 9
143 177 55
143 178 57
144 172 0
145 145 0
146 175 0
147 147 0
148 178 55
149 164 34
149 179 0
149 180 34
150 165 34
151 166 34
151 181 0
151 182 34
152 167 34
157 183 9
157 158 43
157 89 0
157 184 45
157 90 9
157 160 43
157 185 45
158 184 9
158 161 3
158 162 4
158 163 46
158 186 10
158 187 11
158 188 48
159 160 34
159 189 3
159 190 4
159 191 46
159 192 35
159 193 36
159 194 47
160 185 9
160 192 3
160 193 4
160 194 46
160 195 10
160 196 11
160 197 48
161 186 9
161 164 49
161 165 12
161 198 53
161 199 15
162 187 9
162 166 51
162 167 12
162 200 54
162 201 15
163 188 9
163 169 0
163 202 9
164 198 9
164 180 0
164 203 9
165 199 9
166 200 9
166 182 0
166 204 9
167 201 9
168 169 34
168 205 55
168 206 56
169 202 9
169 206 55
169 207 57
170 171 34
170 208 58
170 209 59
171 172 9
171 209 58
171 210 60
172 210 58
173 174 34
173 211 61
173 212 62
174 175 9
174 212 61
174 213 63
175 213 61
176 177 34
176 214 0
176 215 34
177 178 9
177 215 0
177 216 9
178 216 0
179 180 34
179 217 58
179 218 59
180 203 9
180 218 58
180 219 60
181 182 34
181 220 61
181 221 62
182 204 9
182 221 61
182 222 63
183 184 43
183 90 0
183 185 43
184 186 3
184 187 4
184 188 46
185 195 3
185 196 4
185 197 46
186 198 49
186 199 12
187 200 51
187 201 12
188 202 0
189 192 34
189 223 49
189 224 12
189 225 50
189 226 38
190 193 34
190 227 51
190 228 12
190 229 52
190 230 38
191 194 34
191 231 55
191 232 56
192 195 9
192 225 49
192 226 12
192 233 53
192 234 15
193 196 9
193 229 51
193 230 12
193 235 54
193 236 15
194 197 9
194 232 55
194 237 57
195 233 49
195 234 12
196 235 51
196 236 12
197 237 55
198 203 0
199 199 0
200 204 0
201 201 0
202 207 55
203 219 58
204 222 61
205 206 34
205 238 0
205 239 34
206 207 9
206 239 0
206 240 9
207 240 0
208 209 34
208 241 0
208 242 34
209 210 9
209 242 0
209 243 9
210 243 0
211 212 34
211 244 0
211 245 34
212 213 9
212 245 0
212 246 9
213 246 0
214 215 34
214 247 64
214 248 0
214 249 65
214 250 34
214 251 64
214 252 65
215 216 9
215 249 64
215 253 66
216 253 64
217 218 34
217 254 0
217 255 34
218 219 9
218 255 0
218 256 9
219 256 0
220 221 34
220 257 0
220 258 34
221 222 9
221 258 0
221 259 9
222 259 0
223 225 34
224 226 34
225 233 9
226 234 9
227 229 34
228 230 34
229 235 9
230 236 9
231 232 34
232 237 9
238 239 34
238 260 64
238 261 65
239 240 9
239 261 64
239 262 66
240 262 64
241 242 34
241 263 67
241 264 0
241 265 68
241 266 34
241 267 67
241 268 68
242 243 9
242 265 67
242 269 69
243 269 67
244 245 34
244 270 70
244 271 0
244 6 71
244 272 34
244 273 70
244 274 71
245 246 9
245 6 70
245 11 72
246 11 70
247 249 34
247 275 3
247 276 4
247 251 0
247 277 35
247 278 36
247 252 34
247 279 3
247 280 4
247 281 35
247 282 36
248 251 64
248 238 0
248 260 64
249 253 9
249 277 3
249 278 4
249 283 10
249 284 11
250 285 9
250 252 64
250 286 66
251 279 3
251 280 4
251 287 29
251 260 0
251 288 3
251 289 4
251 290 29
252 286 9
252 281 3
252 282 4
252 291 29
252 292 10
252 293 11
252 294 39
253 283 3
253 284 4
254 255 34
254 295 67
254 296 68
255 256 9
255 296 67
255 297 69
256 297 67
257 258 34
257 298 70
257 299 71
258 259 9
258 299 70
258 300 72
259 300 70
260 261 34
260 288 3
260 289 4
260 290 29
260 301 35
260 302 36
260 303 37
261 262 9
261 301 3
261 302 4
261 303 29
261 304 10
261 305 11
261 306 39
262 304 3
262 305 4
262 306 29
263 265 34
263 307 12
263 267 0
263 308 38
263 268 34
263 309 12
263 310 38
264 267 67
264 254 0
264 295 67
265 269 9
265 308 12
265 311 15
266 312 9
266 268 67
266 313 69
267 309 12
267 295 0
267 314 12
268 313 9
268 310 12
268 315 15
269 311 12
270 6 34
270 316 12
270 273 0
270 19 38
270 274 34
270 317 12
270 318 38
271 273 70
271 257 0
271 298 70
272 319 9
272 274 70
272 320 72
273 317 12
273 298 0
273 321 12
274 320 9
274 318 12
274 322 15
275 277 34
275 323 12
275 279 0
275 324 38
275 281 34
275 325 12
275 326 38
276 278 34
276 327 12
276 280 0
276 328 38
276 282 34
276 329 12
276 330 38
277 283 9
277 324 12
277 331 15
278 284 9
278 328 12
278 332 15
279 325 12
279 288 0
279 333 12
280 329 12
280 289 0
280 334 12
281 292 9
281 326 12
281 335 15
282 293 9
282 330 12
282 336 15
283 331 12
284 332 12
285 286 64
286 292 3
286 293 4
286 294 29
287 290 0
288 301 34
288 333 12
288 337 38
289 302 34
289 334 12
289 338 38
290 303 34
290 339 0
290 340 34
291 294 9
292 335 12
293 336 12
295 296 34
295 314 12
295 341 38
296 297 9
296 341 12
296 342 15
297 342 12
298 299 34
298 321 12
298 343 38
299 300 9
299 343 12
299 344 15
300 344 12
301 304 9
301 337 12
301 345 15
302 305 9
302 338 12
302 346 15
303 306 9
303 340 0
303 347 9
304 345 12
305 346 12
306 347 0
307 308 34
307 309 0
307 310 34
308 311 9
309 314 0
310 315 9
311 311 0
312 313 67
313 315 12
314 341 34
316 19 34
316 317 0
316 318 34
317 321 0
318 322 9
319 320 70
320 322 12
321 343 34
323 324 34
323 325 0
323 326 34
324 331 9
325 333 0
326 335 9
327 328 34
327 329 0
327 330 34
328 332 9
329 334 0
330 336 9
331 331 0
332 332 0
333 337 34
334 338 34
337 345 9
338 346 9
339 340 34
339 348 40
339 349 41
340 347 9
340 349 40
340 350 42
341 342 9
342 342 0
343 344 9
344 344 0
345 345 0
346 346 0
347 350 40
348 349 34
348 351 0
348 352 34
349 350 9
349 352 0
349 353 9
350 353 0
351 352 34
351 354 43
351 355 0
351 356 44
351 357 34
351 358 43
351 359 44
352 353 9
352 356 43
352 360 45
353 360 43
354 356 34
354 361 3
354 362 4
354 358 0
354 363 35
354 364 36
354 359 34
354 365 3
354 366 4
354 367 35
354 368 36
355 358 43
355 369 0
355 370 43
356 360 9
356 363 3
356 364 4
356 371 10
356 372 11
357 373 9
357 359 43
357 374 45
358 365 3
358 366 4
358 370 0
358 375 3
358 376 4
359 374 9
359 367 3
359 368 4
359 377 10
359 378 11
360 371 3
360 372 4
361 363 34
361 379 49
361 380 12
361 365 0
361 381 50
361 382 38
361 367 34
361 383 49
361 384 12
361 385 50
361 386 38
362 364 34
362 387 51
362 388 12
362 366 0
362 389 52
362 390 38
362 368 34
362 391 51
362 392 12
362 393 52
362 394 38
363 371 9
363 381 49
363 382 12
363 395 53
363 396 15
364 372 9
364 389 51
364 390 12
364 397 54
364 398 15
365 383 49
365 384 12
365 375 0
365 399 49
365 400 12
366 391 51
366 392 12
366 376 0
366 401 51
366 402 12
367 377 9
367 385 49
367 386 12
367 403 53
367 404 15
368 378 9
368 393 51
368 394 12
368 405 54
368 406 15
369 407 34
369 370 43
369 348 0
369 408 44
369 349 34
369 409 43
369 410 44
370 408 34
370 375 3
370 376 4
370 411 35
370 412 36
371 395 49
371 396 12
372 397 51
372 398 12
373 374 43
374 377 3
374 378 4
375 411 34
375 399 49
375 400 12
375 413 50
375 414 38
376 412 34
376 401 51
376 402 12
376 415 52
376 416 38
377 403 49
377 404 12
378 405 51
378 406 12
379 381 34
379 383 0
379 417 0
379 385 34
379 418 34
380 382 34
380 384 0
380 386 34
381 395 9
381 418 0
381 419 9
382 396 9
383 399 0
384 400 0
385 403 9
386 404 9
387 389 34
387 420 0
387 391 0
387 421 34
387 393 34
388 390 34
388 392 0
388 394 34
389 397 9
389 421 0
389 422 9
390 398 9
391 401 0
392 402 0
393 405 9
394 406 9
395 419 0
396 396 0
397 422 0
398 398 0
399 413 34
399 423 0
399 424 34
400 414 34
401 415 34
401 425 0
401 426 34
402 416 34
407 427 9
407 408 43
407 349 0
407 428 45
407 350 9
407 410 43
407 429 45
408 428 9
408 411 3
408 412 4
408 430 10
408 431 11
409 410 34
409 432 3
409 433 4
409 434 35
409 435 36
410 429 9
410 434 3
410 435 4
410 436 10
410 437 11
411 430 9
411 413 49
411 414 12
411 438 53
411 439 15
412 431 9
412 415 51
412 416 12
412 440 54
412 441 15
413 438 9
413 424 0
413 442 9
414 439 9
415 440 9
415 426 0
415 443 9
416 441 9
417 418 34
417 444 58
417 445 59
418 419 9
418 445 58
418 446 60
419 446 58
420 421 34
420 447 61
420 448 62
421 422 9
421 448 61
421 449 63
422 449 61
423 424 34
423 450 58
423 451 59
424 442 9
424 451 58
424 452 60
425 426 34
425 453 61
425 454 62
426 443 9
426 454 61
426 455 63
427 428 43
427 350 0
427 429 43
428 430 3
428 431 4
429 436 3
429 437 4
430 438 49
430 439 12
431 440 51
431 441 12
432 434 34
432 456 49
432 457 12
432 458 50
432 459 38
433 435 34
433 460 51
433 461 12
433 462 52
433 463 38
434 436 9
434 458 49
434 459 12
434 464 53
434 465 15
435 437 9
435 462 51
435 463 12
435 466 54
435 467 15
436 464 49
436 465 12
437 466 51
437 467 12
438 442 0
439 439 0
440 443 0
441 441 0
442 452 58
443 455 61
444 445 34
444 468 0
444 469 34
445 446 9
445 469 0
445 470 9
446 470 0
447 448 34
447 471 0
447 472 34
448 449 9
448 472 0
448 473 9
449 473 0
450 451 34
450 474 0
450 475 34
451 452 9
451 475 0
451 476 9
452 476 0
453 454 34
453 477 0
453 478 34
454 455 9
454 478 0
454 479 9
455 479 0
456 458 34
457 459 34
458 464 9
459 465 9
460 462 34
461 463 34
462 466 9
463 467 9
468 469 34
468 480 67
468 481 0
468 482 68
468 483 34
468 484 67
468 485 68
469 470 9
469 482 67
469 486 69
470 486 67
471 472 34
471 487 70
471 488 0
471 489 71
471 490 34
471 491 70
471 492 71
472 473 9
472 489 70
472 493 72
473 493 70
474 475 34
474 494 67
474 495 68
475 476 9
475 495 67
475 496 69
476 496 67
477 478 34
477 497 70
477 498 71
478 479 9
478 498 70
478 499 72
479 499 70
480 482 34
480 500 12
480 484 0
480 501 38
480 485 34
480 502 12
480 503 38
481 484 67
481 474 0
481 494 67
482 486 9
482 501 12
482 504 15
483 505 9
483 485 67
483 506 69
484 502 12
484 494 0
484 507 12
485 506 9
485 503 12
485 508 15
486 504 12
487 489 34
487 509 12
487 491 0
487 510 38
487 492 34
487 511 12
487 512 38
488 491 70
488 477 0
488 497 70
489 493 9
489 510 12
489 513 15
490 514 9
490 492 70
490 515 72
491 511 12
491 497 0
491 516 12
492 515 9
492 512 12
492 517 15
493 513 12
494 495 34
494 507 12
494 518 38
495 496 9
495 518 12
495 519 15
496 519 12
497 498 34
497 516 12
497 520 38
498 499 9
498 520 12
498 521 15
499 521 12
500 501 34
500 502 0
500 503 34
501 504 9
502 507 0
503 508 9
504 504 0
505 506 67
506 508 12
507 518 34
509 510 34
509 511 0
509 512 34
510 513 9
511 516 0
512 517 9
513 513 0
514 515 70
515 517 12
516 520 34
518 519 9
519 519 0
520 521 9
521 521 0
328
1 0
1 1
1 2
1 3
1 4
1 5
2 245 6
2 17 7
2 8 20
1 9
2 10 21
3 11 22 246
1 12
1 13
1 14
1 15
1 16
1 18
1 19
1 23
1 24
1 25
2 26 28
2 27 29
1 30
1 31
1 32
1 33
1 34
1 35
1 36
1 37
1 38
1 39
1 40
1 41
1 42
1 43
1 44
1 45
1 46
2 51 47
2 48 53
2 49 52
2 50 54
1 55
1 56
1 57
1 58
1 59
2 64 60
1 61
2 65 62
2 66 63
2 67 70
1 68
1 69
1 71
1 72
2 73 76
1 74
1 75
1 77
1 78
1 79
1 80
2 81 84
2 82 85
2 83 86
1 87
3 88 191 159
3 160 89 194
3 185 90 197
3 91 94 103
3 96 106 92
3 117 100 93
3 98 109 95
2 97 99
3 101 126 127
3 134 102 135
2 104 128
2 136 105
3 130 107 131
3 138 139 108
1 110
1 111
1 112
3 113 114 122
3 144 145 115
3 146 147 116
2 118 119
2 120 149
2 121 151
1 123
1 124
1 125
1 129
2 132 133
1 137
2 140 141
3 409 348 142
3 410 349 143
3 148 429 350
1 150
1 152
2 153 154
2 155 156
3 163 157 158
2 161 164
2 162 166
1 165
1 167
1 168
1 169
1 170
1 171
1 172
1 173
1 174
1 175
2 176 339
2 177 340
2 178 347
1 179
1 180
1 181
1 182
3 184 188 183
3 186 198 199
3 200 201 187
1 189
1 190
1 192
1 193
1 195
1 196
1 202
1 203
1 204
1 205
1 206
1 207
1 208
1 209
1 210
1 211
1 212
1 213
2 214 247
2 249 215
2 216 253
1 217
1 218
1 219
1 220
1 221
1 222
2 224 223
2 225 226
2 227 228
2 229 230
1 231
1 232
2 233 234
2 235 236
1 237
3 290 260 238
3 303 261 239
3 240 306 262
3 241 307 263
2 265 242
3 243 269 311
3 244 270 316
3 248 251 287
2 250 252
2 254 295
2 296 255
3 256 297 342
2 257 298
2 258 299
3 344 259 300
3 264 267 309
2 266 268
3 273 317 271
2 272 274
2 323 275
2 276 327
1 277
1 278
2 325 279
2 280 329
1 281
1 282
2 331 283
2 284 332
2 285 286
1 288
1 289
1 291
1 292
1 293
1 294
1 301
1 302
2 304 345
2 305 346
1 308
1 310
2 312 313
1 314
1 315
1 318
2 320 319
1 321
1 322
1 324
1 326
1 328
1 330
1 333
1 334
1 335
1 336
1 337
1 338
1 341
1 343
2 354 351
2 352 356
2 360 353
2 355 358
2 357 359
3 361 379 380
3 362 387 388
2 363 381
2 364 389
3 384 365 383
3 392 366 391
1 367
1 368
2 369 370
3 396 371 395
3 372 397 398
2 373 374
2 399 375
2 376 401
1 377
1 378
1 382
2 385 386
1 390
2 393 394
1 400
1 402
2 403 404
2 405 406
2 408 407
2 411 413
2 412 415
1 414
1 416
1 417
1 418
1 419
1 420
1 421
1 422
1 423
1 424
1 425
1 426
2 427 428
3 438 430 439
3 440 441 431
1 432
1 433
1 434
1 435
1 436
1 437
1 442
1 443
1 444
1 445
1 446
1 447
1 448
1 449
1 450
1 451
1 452
1 453
1 454
1 455
2 456 457
2 458 459
2 460 461
2 462 463
2 464 465
2 466 467
3 480 468 500
2 482 469
3 504 470 486
3 487 509 471
2 472 489
3 473 493 513
2 474 494
2 475 495
3 496 476 519
2 497 477
2 498 478
3 521 499 479
3 481 484 502
2 483 485
3 488 491 511
2 490 492
1 501
1 503
2 505 506
1 507
1 508
1 510
1 512
2 514 515
1 516
1 517
1 518
1 520
78
170
171
172
179
180
203
208
209
210
217
218
219
241
242
243
254
255
256
263
264
265
266
267
268
269
295
296
297
307
308
309
310
311
312
313
314
315
341
342
417
418
419
423
424
442
444
445
446
450
451
452
468
469
470
474
475
476
480
481
482
483
484
485
486
494
495
496
500
501
502
503
504
505
506
507
508
518
519
0
