321
1
1836
0 1 0
0 2 1
0 3 -1
0 4 -1
1 5 2
1 6 3
1 7 -1
1 8 -1
1 1 2
1 1 3
2 9 2
2 10 3
2 11 -1
2 12 -1
2 2 2
2 2 3
3 7 0
3 11 1
3 13 -1
3 14 -1
3 3 -1
3 3 -1
4 8 0
4 12 1
4 15 -1
4 16 -1
4 4 -1
4 4 -1
5 17 4
5 18 4
5 19 -1
5 20 -1
5 5 5
5 5 6
6 21 4
6 22 4
6 23 -1
6 24 -1
6 6 5
6 6 6
7 25 2
7 26 3
7 27 -1
7 28 -1
7 7 2
7 7 2
7 7 2
7 7 3
7 7 3
7 7 3
7 7 -1
7 7 -1
7 7 -1
7 7 -1
7 7 -1
7 7 -1
8 29 2
8 30 3
8 31 -1
8 32 -1
8 8 2
8 8 2
8 8 2
8 8 3
8 8 3
8 8 3
8 8 -1
8 8 -1
8 8 -1
8 8 -1
8 8 -1
8 8 -1
9 33 4
9 34 4
9 35 -1
9 36 -1
9 9 5
9 9 6
10 37 4
10 38 4
10 39 -1
10 40 -1
10 10 5
10 10 6
11 41 2
11 42 3
11 43 -1
11 44 -1
11 11 2
11 11 2
11 11 2
11 11 3
11 11 3
11 11 3
11 11 -1
11 11 -1
11 11 -1
11 11 -1
11 11 -1
11 11 -1
12 45 2
12 46 3
12 47 -1
12 48 -1
12 12 2
12 12 2
12 12 2
12 12 3
12 12 3
12 12 3
12 12 -1
12 12 -1
12 12 -1
12 12 -1
12 12 -1
12 12 -1
13 49 0
13 50 1
13 51 -1
13 52 -1
13 13 -1
13 13 -1
14 53 0
14 54 1
14 55 -1
14 56 -1
14 14 -1
14 14 -1
15 57 0
15 58 1
15 59 -1
15 60 -1
15 15 -1
15 15 -1
16 61 0
16 62 1
16 63 -1
16 64 -1
16 16 -1
16 16 -1
17 65 -1
17 66 -1
18 67 -1
18 68 -1
19 65 4
19 67 4
19 69 -1
19 70 -1
19 19 5
19 19 5
19 19 5
19 19 6
19 19 6
19 19 6
19 19 -1
19 19 -1
19 19 -1
19 19 -1
19 19 -1
19 19 -1
20 66 4
20 68 4
20 71 -1
20 72 -1
20 20 5
20 20 5
20 20 5
20 20 6
20 20 6
20 20 6
20 20 -1
20 20 -1
20 20 -1
20 20 -1
20 20 -1
20 20 -1
21 73 -1
21 74 -1
22 75 -1
22 76 -1
23 73 4
23 75 4
23 77 -1
23 78 -1
23 23 5
23 23 5
23 23 5
23 23 6
23 23 6
23 23 6
23 23 -1
23 23 -1
23 23 -1
23 23 -1
23 23 -1
23 23 -1
24 74 4
24 76 4
24 79 -1
24 80 -1
24 24 5
24 24 5
24 24 5
24 24 6
24 24 6
24 24 6
24 24 -1
24 24 -1
24 24 -1
24 24 -1
24 24 -1
24 24 -1
25 65 4
25 67 4
25 69 -1
25 70 -1
25 25 5
25 25 5
25 25 5
25 25 6
25 25 6
25 25 6
25 25 -1
25 25 -1
25 25 -1
25 25 -1
25 25 -1
25 25 -1
26 73 4
26 75 4
26 77 -1
26 78 -1
26 26 5
26 26 5
26 26 5
26 26 6
26 26 6
26 26 6
26 26 -1
26 26 -1
26 26 -1
26 26 -1
26 26 -1
26 26 -1
27 81 2
27 82 3
27 83 -1
27 84 -1
27 27 2
27 27 2
27 27 2
27 27 3
27 27 3
27 27 3
27 27 -1
27 27 -1
27 27 -1
27 27 -1
27 27 -1
27 27 -1
28 85 2
28 86 3
28 87 -1
28 88 -1
28 28 2
28 28 2
28 28 2
28 28 3
28 28 3
28 28 3
28 28 -1
28 28 -1
28 28 -1
28 28 -1
28 28 -1
28 28 -1
29 66 4
29 68 4
29 71 -1
29 72 -1
29 29 5
29 29 5
29 29 5
29 29 6
29 29 6
29 29 6
29 29 -1
29 29 -1
29 29 -1
29 29 -1
29 29 -1
29 29 -1
30 74 4
30 76 4
30 79 -1
30 80 -1
30 30 5
30 30 5
30 30 5
30 30 6
30 30 6
30 30 6
30 30 -1
30 30 -1
30 30 -1
30 30 -1
30 30 -1
30 30 -1
31 89 2
31 90 3
31 91 -1
31 92 -1
31 31 2
31 31 2
31 31 2
31 31 3
31 31 3
31 31 3
31 31 -1
31 31 -1
31 31 -1
31 31 -1
31 31 -1
31 31 -1
32 93 2
32 94 3
32 95 -1
32 96 -1
32 32 2
32 32 2
32 32 2
32 32 3
32 32 3
32 32 3
32 32 -1
32 32 -1
32 32 -1
32 32 -1
32 32 -1
32 32 -1
33 97 -1
33 98 -1
34 99 -1
34 100 -1
35 97 4
35 99 4
35 101 -1
35 102 -1
35 35 5
35 35 5
35 35 5
35 35 6
35 35 6
35 35 6
35 35 -1
35 35 -1
35 35 -1
35 35 -1
35 35 -1
35 35 -1
36 98 4
36 100 4
36 103 -1
36 104 -1
36 36 5
36 36 5
36 36 5
36 36 6
36 36 6
36 36 6
36 36 -1
36 36 -1
36 36 -1
36 36 -1
36 36 -1
36 36 -1
37 105 -1
37 106 -1
38 107 -1
38 108 -1
39 105 4
39 107 4
39 109 -1
39 110 -1
39 39 5
39 39 5
39 39 5
39 39 6
39 39 6
39 39 6
39 39 -1
39 39 -1
39 39 -1
39 39 -1
39 39 -1
39 39 -1
40 106 4
40 108 4
40 111 -1
40 112 -1
40 40 5
40 40 5
40 40 5
40 40 6
40 40 6
40 40 6
40 40 -1
40 40 -1
40 40 -1
40 40 -1
40 40 -1
40 40 -1
41 97 4
41 99 4
41 101 -1
41 102 -1
41 41 5
41 41 5
41 41 5
41 41 6
41 41 6
41 41 6
41 41 -1
41 41 -1
41 41 -1
41 41 -1
41 41 -1
41 41 -1
42 105 4
42 107 4
42 109 -1
42 110 -1
42 42 5
42 42 5
42 42 5
42 42 6
42 42 6
42 42 6
42 42 -1
42 42 -1
42 42 -1
42 42 -1
42 42 -1
42 42 -1
43 113 2
43 114 3
43 115 -1
43 116 -1
43 43 2
43 43 2
43 43 2
43 43 3
43 43 3
43 43 3
43 43 -1
43 43 -1
43 43 -1
43 43 -1
43 43 -1
43 43 -1
44 117 2
44 118 3
44 119 -1
44 120 -1
44 44 2
44 44 2
44 44 2
44 44 3
44 44 3
44 44 3
44 44 -1
44 44 -1
44 44 -1
44 44 -1
44 44 -1
44 44 -1
45 98 4
45 100 4
45 103 -1
45 104 -1
45 45 5
45 45 5
45 45 5
45 45 6
45 45 6
45 45 6
45 45 -1
45 45 -1
45 45 -1
45 45 -1
45 45 -1
45 45 -1
46 106 4
46 108 4
46 111 -1
46 112 -1
46 46 5
46 46 5
46 46 5
46 46 6
46 46 6
46 46 6
46 46 -1
46 46 -1
46 46 -1
46 46 -1
46 46 -1
46 46 -1
47 121 2
47 122 3
47 123 -1
47 124 -1
47 47 2
47 47 2
47 47 2
47 47 3
47 47 3
47 47 3
47 47 -1
47 47 -1
47 47 -1
47 47 -1
47 47 -1
47 47 -1
48 125 2
48 126 3
48 127 -1
48 128 -1
48 48 2
48 48 2
48 48 2
48 48 3
48 48 3
48 48 3
48 48 -1
48 48 -1
48 48 -1
48 48 -1
48 48 -1
48 48 -1
49 81 2
49 82 3
49 83 -1
49 84 -1
49 49 2
49 49 2
49 49 2
49 49 3
49 49 3
49 49 3
49 49 -1
49 49 -1
49 49 -1
49 49 -1
49 49 -1
49 49 -1
50 113 2
50 114 3
50 115 -1
50 116 -1
50 50 2
50 50 2
50 50 2
50 50 3
50 50 3
50 50 3
50 50 -1
50 50 -1
50 50 -1
50 50 -1
50 50 -1
50 50 -1
51 83 0
51 115 1
52 84 0
52 116 1
53 85 2
53 86 3
53 87 -1
53 88 -1
53 53 2
53 53 2
53 53 2
53 53 3
53 53 3
53 53 3
53 53 -1
53 53 -1
53 53 -1
53 53 -1
53 53 -1
53 53 -1
54 117 2
54 118 3
54 119 -1
54 120 -1
54 54 2
54 54 2
54 54 2
54 54 3
54 54 3
54 54 3
54 54 -1
54 54 -1
54 54 -1
54 54 -1
54 54 -1
54 54 -1
55 87 0
55 119 1
56 88 0
56 120 1
57 89 2
57 90 3
57 91 -1
57 92 -1
57 57 2
57 57 2
57 57 2
57 57 3
57 57 3
57 57 3
57 57 -1
57 57 -1
57 57 -1
57 57 -1
57 57 -1
57 57 -1
58 121 2
58 122 3
58 123 -1
58 124 -1
58 58 2
58 58 2
58 58 2
58 58 3
58 58 3
58 58 3
58 58 -1
58 58 -1
58 58 -1
58 58 -1
58 58 -1
58 58 -1
59 91 0
59 123 1
60 92 0
60 124 1
61 93 2
61 94 3
61 95 -1
61 96 -1
61 61 2
61 61 2
61 61 2
61 61 3
61 61 3
61 61 3
61 61 -1
61 61 -1
61 61 -1
61 61 -1
61 61 -1
61 61 -1
62 125 2
62 126 3
62 127 -1
62 128 -1
62 62 2
62 62 2
62 62 2
62 62 3
62 62 3
62 62 3
62 62 -1
62 62 -1
62 62 -1
62 62 -1
62 62 -1
62 62 -1
63 95 0
63 127 1
64 96 0
64 128 1
65 129 -1
65 130 -1
65 65 -1
65 65 -1
66 131 -1
66 132 -1
66 66 -1
66 66 -1
67 133 -1
67 134 -1
67 67 -1
67 67 -1
68 135 -1
68 136 -1
68 68 -1
68 68 -1
69 137 4
69 138 4
69 139 -1
69 140 -1
69 69 5
69 69 5
69 69 5
69 69 6
69 69 6
69 69 6
69 69 -1
69 69 -1
69 69 -1
69 69 -1
69 69 -1
69 69 -1
70 141 4
70 142 4
70 143 -1
70 144 -1
70 70 5
70 70 5
70 70 5
70 70 6
70 70 6
70 70 6
70 70 -1
70 70 -1
70 70 -1
70 70 -1
70 70 -1
70 70 -1
71 145 4
71 146 4
71 147 -1
71 148 -1
71 71 5
71 71 5
71 71 5
71 71 6
71 71 6
71 71 6
71 71 -1
71 71 -1
71 71 -1
71 71 -1
71 71 -1
71 71 -1
72 149 4
72 150 4
72 151 -1
72 152 -1
72 72 5
72 72 5
72 72 5
72 72 6
72 72 6
72 72 6
72 72 -1
72 72 -1
72 72 -1
72 72 -1
72 72 -1
72 72 -1
73 153 -1
73 154 -1
73 73 -1
73 73 -1
74 155 -1
74 156 -1
74 74 -1
74 74 -1
75 157 -1
75 158 -1
75 75 -1
75 75 -1
76 159 -1
76 160 -1
76 76 -1
76 76 -1
77 161 4
77 162 4
77 163 -1
77 164 -1
77 77 5
77 77 5
77 77 5
77 77 6
77 77 6
77 77 6
77 77 -1
77 77 -1
77 77 -1
77 77 -1
77 77 -1
77 77 -1
78 165 4
78 166 4
78 167 -1
78 168 -1
78 78 5
78 78 5
78 78 5
78 78 6
78 78 6
78 78 6
78 78 -1
78 78 -1
78 78 -1
78 78 -1
78 78 -1
78 78 -1
79 169 4
79 170 4
79 171 -1
79 172 -1
79 79 5
79 79 5
79 79 5
79 79 6
79 79 6
79 79 6
79 79 -1
79 79 -1
79 79 -1
79 79 -1
79 79 -1
79 79 -1
80 173 4
80 174 4
80 175 -1
80 176 -1
80 80 5
80 80 5
80 80 5
80 80 6
80 80 6
80 80 6
80 80 -1
80 80 -1
80 80 -1
80 80 -1
80 80 -1
80 80 -1
81 137 4
81 138 4
81 139 -1
81 140 -1
81 81 5
81 81 5
81 81 5
81 81 6
81 81 6
81 81 6
81 81 -1
81 81 -1
81 81 -1
81 81 -1
81 81 -1
81 81 -1
82 161 4
82 162 4
82 163 -1
82 164 -1
82 82 5
82 82 5
82 82 5
82 82 6
82 82 6
82 82 6
82 82 -1
82 82 -1
82 82 -1
82 82 -1
82 82 -1
82 82 -1
83 177 2
83 178 3
83 83 2
83 83 3
84 179 2
84 180 3
84 84 2
84 84 3
85 141 4
85 142 4
85 143 -1
85 144 -1
85 85 5
85 85 5
85 85 5
85 85 6
85 85 6
85 85 6
85 85 -1
85 85 -1
85 85 -1
85 85 -1
85 85 -1
85 85 -1
86 165 4
86 166 4
86 167 -1
86 168 -1
86 86 5
86 86 5
86 86 5
86 86 6
86 86 6
86 86 6
86 86 -1
86 86 -1
86 86 -1
86 86 -1
86 86 -1
86 86 -1
87 181 2
87 182 3
87 87 2
87 87 3
88 183 2
88 184 3
88 88 2
88 88 3
89 145 4
89 146 4
89 147 -1
89 148 -1
89 89 5
89 89 5
89 89 5
89 89 6
89 89 6
89 89 6
89 89 -1
89 89 -1
89 89 -1
89 89 -1
89 89 -1
89 89 -1
90 169 4
90 170 4
90 171 -1
90 172 -1
90 90 5
90 90 5
90 90 5
90 90 6
90 90 6
90 90 6
90 90 -1
90 90 -1
90 90 -1
90 90 -1
90 90 -1
90 90 -1
91 185 2
91 186 3
91 91 2
91 91 3
92 187 2
92 188 3
92 92 2
92 92 3
93 149 4
93 150 4
93 151 -1
93 152 -1
93 93 5
93 93 5
93 93 5
93 93 6
93 93 6
93 93 6
93 93 -1
93 93 -1
93 93 -1
93 93 -1
93 93 -1
93 93 -1
94 173 4
94 174 4
94 175 -1
94 176 -1
94 94 5
94 94 5
94 94 5
94 94 6
94 94 6
94 94 6
94 94 -1
94 94 -1
94 94 -1
94 94 -1
94 94 -1
94 94 -1
95 189 2
95 190 3
95 95 2
95 95 3
96 191 2
96 192 3
96 96 2
96 96 3
97 193 -1
97 194 -1
97 97 -1
97 97 -1
98 195 -1
98 196 -1
98 98 -1
98 98 -1
99 197 -1
99 198 -1
99 99 -1
99 99 -1
100 199 -1
100 200 -1
100 100 -1
100 100 -1
101 201 4
101 202 4
101 203 -1
101 204 -1
101 101 5
101 101 5
101 101 5
101 101 6
101 101 6
101 101 6
101 101 -1
101 101 -1
101 101 -1
101 101 -1
101 101 -1
101 101 -1
102 205 4
102 206 4
102 207 -1
102 208 -1
102 102 5
102 102 5
102 102 5
102 102 6
102 102 6
102 102 6
102 102 -1
102 102 -1
102 102 -1
102 102 -1
102 102 -1
102 102 -1
103 209 4
103 210 4
103 211 -1
103 212 -1
103 103 5
103 103 5
103 103 5
103 103 6
103 103 6
103 103 6
103 103 -1
103 103 -1
103 103 -1
103 103 -1
103 103 -1
103 103 -1
104 213 4
104 214 4
104 215 -1
104 216 -1
104 104 5
104 104 5
104 104 5
104 104 6
104 104 6
104 104 6
104 104 -1
104 104 -1
104 104 -1
104 104 -1
104 104 -1
104 104 -1
105 217 -1
105 218 -1
105 105 -1
105 105 -1
106 219 -1
106 220 -1
106 106 -1
106 106 -1
107 221 -1
107 222 -1
107 107 -1
107 107 -1
108 223 -1
108 224 -1
108 108 -1
108 108 -1
109 225 4
109 226 4
109 227 -1
109 228 -1
109 109 5
109 109 5
109 109 5
109 109 6
109 109 6
109 109 6
109 109 -1
109 109 -1
109 109 -1
109 109 -1
109 109 -1
109 109 -1
110 229 4
110 230 4
110 231 -1
110 232 -1
110 110 5
110 110 5
110 110 5
110 110 6
110 110 6
110 110 6
110 110 -1
110 110 -1
110 110 -1
110 110 -1
110 110 -1
110 110 -1
111 233 4
111 234 4
111 235 -1
111 236 -1
111 111 5
111 111 5
111 111 5
111 111 6
111 111 6
111 111 6
111 111 -1
111 111 -1
111 111 -1
111 111 -1
111 111 -1
111 111 -1
112 237 4
112 238 4
112 239 -1
112 240 -1
112 112 5
112 112 5
112 112 5
112 112 6
112 112 6
112 112 6
112 112 -1
112 112 -1
112 112 -1
112 112 -1
112 112 -1
112 112 -1
113 201 4
113 202 4
113 203 -1
113 204 -1
113 113 5
113 113 5
113 113 5
113 113 6
113 113 6
113 113 6
113 113 -1
113 113 -1
113 113 -1
113 113 -1
113 113 -1
113 113 -1
114 225 4
114 226 4
114 227 -1
114 228 -1
114 114 5
114 114 5
114 114 5
114 114 6
114 114 6
114 114 6
114 114 -1
114 114 -1
114 114 -1
114 114 -1
114 114 -1
114 114 -1
115 241 2
115 242 3
115 115 2
115 115 3
116 243 2
116 244 3
116 116 2
116 116 3
117 205 4
117 206 4
117 207 -1
117 208 -1
117 117 5
117 117 5
117 117 5
117 117 6
117 117 6
117 117 6
117 117 -1
117 117 -1
117 117 -1
117 117 -1
117 117 -1
117 117 -1
118 229 4
118 230 4
118 231 -1
118 232 -1
118 118 5
118 118 5
118 118 5
118 118 6
118 118 6
118 118 6
118 118 -1
118 118 -1
118 118 -1
118 118 -1
118 118 -1
118 118 -1
119 245 2
119 246 3
119 119 2
119 119 3
120 247 2
120 248 3
120 120 2
120 120 3
121 209 4
121 210 4
121 211 -1
121 212 -1
121 121 5
121 121 5
121 121 5
121 121 6
121 121 6
121 121 6
121 121 -1
121 121 -1
121 121 -1
121 121 -1
121 121 -1
121 121 -1
122 233 4
122 234 4
122 235 -1
122 236 -1
122 122 5
122 122 5
122 122 5
122 122 6
122 122 6
122 122 6
122 122 -1
122 122 -1
122 122 -1
122 122 -1
122 122 -1
122 122 -1
123 249 2
123 250 3
123 123 2
123 123 3
124 251 2
124 252 3
124 124 2
124 124 3
125 213 4
125 214 4
125 215 -1
125 216 -1
125 125 5
125 125 5
125 125 5
125 125 6
125 125 6
125 125 6
125 125 -1
125 125 -1
125 125 -1
125 125 -1
125 125 -1
125 125 -1
126 237 4
126 238 4
126 239 -1
126 240 -1
126 126 5
126 126 5
126 126 5
126 126 6
126 126 6
126 126 6
126 126 -1
126 126 -1
126 126 -1
126 126 -1
126 126 -1
126 126 -1
127 253 2
127 254 3
127 127 2
127 127 3
128 255 2
128 256 3
128 128 2
128 128 3
129 257 -1
129 258 -1
129 129 -1
129 129 -1
130 259 -1
130 260 -1
130 130 -1
130 130 -1
131 261 -1
131 262 -1
131 131 -1
131 131 -1
132 263 -1
132 264 -1
132 132 -1
132 132 -1
133 265 -1
133 266 -1
133 133 -1
133 133 -1
134 267 -1
134 268 -1
134 134 -1
134 134 -1
135 269 -1
135 270 -1
135 135 -1
135 135 -1
136 271 -1
136 272 -1
136 136 -1
136 136 -1
137 257 -1
137 258 -1
137 137 -1
137 137 -1
138 265 -1
138 266 -1
138 138 -1
138 138 -1
139 257 4
139 265 4
139 139 5
139 139 6
140 258 4
140 266 4
140 140 5
140 140 6
141 259 -1
141 260 -1
141 141 -1
141 141 -1
142 267 -1
142 268 -1
142 142 -1
142 142 -1
143 259 4
143 267 4
143 143 5
143 143 6
144 260 4
144 268 4
144 144 5
144 144 6
145 261 -1
145 262 -1
145 145 -1
145 145 -1
146 269 -1
146 270 -1
146 146 -1
146 146 -1
147 261 4
147 269 4
147 147 5
147 147 6
148 262 4
148 270 4
148 148 5
148 148 6
149 263 -1
149 264 -1
149 149 -1
149 149 -1
150 271 -1
150 272 -1
150 150 -1
150 150 -1
151 263 4
151 271 4
151 151 5
151 151 6
152 264 4
152 272 4
152 152 5
152 152 6
153 273 -1
153 274 -1
153 153 -1
153 153 -1
154 275 -1
154 276 -1
154 154 -1
154 154 -1
155 277 -1
155 278 -1
155 155 -1
155 155 -1
156 279 -1
156 280 -1
156 156 -1
156 156 -1
157 281 -1
157 282 -1
157 157 -1
157 157 -1
158 283 -1
158 284 -1
158 158 -1
158 158 -1
159 285 -1
159 286 -1
159 159 -1
159 159 -1
160 287 -1
160 288 -1
160 160 -1
160 160 -1
161 273 -1
161 274 -1
161 161 -1
161 161 -1
162 281 -1
162 282 -1
162 162 -1
162 162 -1
163 273 4
163 281 4
163 163 5
163 163 6
164 274 4
164 282 4
164 164 5
164 164 6
165 275 -1
165 276 -1
165 165 -1
165 165 -1
166 283 -1
166 284 -1
166 166 -1
166 166 -1
167 275 4
167 283 4
167 167 5
167 167 6
168 276 4
168 284 4
168 168 5
168 168 6
169 277 -1
169 278 -1
169 169 -1
169 169 -1
170 285 -1
170 286 -1
170 170 -1
170 170 -1
171 277 4
171 285 4
171 171 5
171 171 6
172 278 4
172 286 4
172 172 5
172 172 6
173 279 -1
173 280 -1
173 173 -1
173 173 -1
174 287 -1
174 288 -1
174 174 -1
174 174 -1
175 279 4
175 287 4
175 175 5
175 175 6
176 280 4
176 288 4
176 176 5
176 176 6
177 257 4
177 265 4
177 177 5
177 177 6
178 273 4
178 281 4
178 178 5
178 178 6
179 258 4
179 266 4
179 179 5
179 179 6
180 274 4
180 282 4
180 180 5
180 180 6
181 259 4
181 267 4
181 181 5
181 181 6
182 275 4
182 283 4
182 182 5
182 182 6
183 260 4
183 268 4
183 183 5
183 183 6
184 276 4
184 284 4
184 184 5
184 184 6
185 261 4
185 269 4
185 185 5
185 185 6
186 277 4
186 285 4
186 186 5
186 186 6
187 262 4
187 270 4
187 187 5
187 187 6
188 278 4
188 286 4
188 188 5
188 188 6
189 263 4
189 271 4
189 189 5
189 189 6
190 279 4
190 287 4
190 190 5
190 190 6
191 264 4
191 272 4
191 191 5
191 191 6
192 280 4
192 288 4
192 192 5
192 192 6
193 289 -1
193 290 -1
193 193 -1
193 193 -1
194 291 -1
194 292 -1
194 194 -1
194 194 -1
195 293 -1
195 294 -1
195 195 -1
195 195 -1
196 295 -1
196 296 -1
196 196 -1
196 196 -1
197 297 -1
197 298 -1
197 197 -1
197 197 -1
198 299 -1
198 300 -1
198 198 -1
198 198 -1
199 301 -1
199 302 -1
199 199 -1
199 199 -1
200 303 -1
200 304 -1
200 200 -1
200 200 -1
201 289 -1
201 290 -1
201 201 -1
201 201 -1
202 297 -1
202 298 -1
202 202 -1
202 202 -1
203 289 4
203 297 4
203 203 5
203 203 6
204 290 4
204 298 4
204 204 5
204 204 6
205 291 -1
205 292 -1
205 205 -1
205 205 -1
206 299 -1
206 300 -1
206 206 -1
206 206 -1
207 291 4
207 299 4
207 207 5
207 207 6
208 292 4
208 300 4
208 208 5
208 208 6
209 293 -1
209 294 -1
209 209 -1
209 209 -1
210 301 -1
210 302 -1
210 210 -1
210 210 -1
211 293 4
211 301 4
211 211 5
211 211 6
212 294 4
212 302 4
212 212 5
212 212 6
213 295 -1
213 296 -1
213 213 -1
213 213 -1
214 303 -1
214 304 -1
214 214 -1
214 214 -1
215 295 4
215 303 4
215 215 5
215 215 6
216 296 4
216 304 4
216 216 5
216 216 6
217 305 -1
217 306 -1
217 217 -1
217 217 -1
218 307 -1
218 308 -1
218 218 -1
218 218 -1
219 309 -1
219 310 -1
219 219 -1
219 219 -1
220 311 -1
220 312 -1
220 220 -1
220 220 -1
221 313 -1
221 314 -1
221 221 -1
221 221 -1
222 315 -1
222 316 -1
222 222 -1
222 222 -1
223 317 -1
223 318 -1
223 223 -1
223 223 -1
224 319 -1
224 320 -1
224 224 -1
224 224 -1
225 305 -1
225 306 -1
225 225 -1
225 225 -1
226 313 -1
226 314 -1
226 226 -1
226 226 -1
227 305 4
227 313 4
227 227 5
227 227 6
228 306 4
228 314 4
228 228 5
228 228 6
229 307 -1
229 308 -1
229 229 -1
229 229 -1
230 315 -1
230 316 -1
230 230 -1
230 230 -1
231 307 4
231 315 4
231 231 5
231 231 6
232 308 4
232 316 4
232 232 5
232 232 6
233 309 -1
233 310 -1
233 233 -1
233 233 -1
234 317 -1
234 318 -1
234 234 -1
234 234 -1
235 309 4
235 317 4
235 235 5
235 235 6
236 310 4
236 318 4
236 236 5
236 236 6
237 311 -1
237 312 -1
237 237 -1
237 237 -1
238 319 -1
238 320 -1
238 238 -1
238 238 -1
239 311 4
239 319 4
239 239 5
239 239 6
240 312 4
240 320 4
240 240 5
240 240 6
241 289 4
241 297 4
241 241 5
241 241 6
242 305 4
242 313 4
242 242 5
242 242 6
243 290 4
243 298 4
243 243 5
243 243 6
244 306 4
244 314 4
244 244 5
244 244 6
245 291 4
245 299 4
245 245 5
245 245 6
246 307 4
246 315 4
246 246 5
246 246 6
247 292 4
247 300 4
247 247 5
247 247 6
248 308 4
248 316 4
248 248 5
248 248 6
249 293 4
249 301 4
249 249 5
249 249 6
250 309 4
250 317 4
250 250 5
250 250 6
251 294 4
251 302 4
251 251 5
251 251 6
252 310 4
252 318 4
252 252 5
252 252 6
253 295 4
253 303 4
253 253 5
253 253 6
254 311 4
254 319 4
254 254 5
254 254 6
255 296 4
255 304 4
255 255 5
255 255 6
256 312 4
256 320 4
256 256 5
256 256 6
1
1 0
153
1
5
6
7
8
17
18
19
20
21
22
23
24
25
26
27
28
29
30
31
32
49
53
57
61
65
66
67
68
69
70
71
72
73
74
75
76
77
78
79
80
81
82
83
84
85
86
87
88
89
90
91
92
93
94
95
96
129
130
131
132
133
134
135
136
137
138
139
140
141
142
143
144
145
146
147
148
149
150
151
152
153
154
155
156
157
158
159
160
161
162
163
164
165
166
167
168
169
170
171
172
173
174
175
176
177
178
179
180
181
182
183
184
185
186
187
188
189
190
191
192
257
258
259
260
261
262
263
264
265
266
267
268
269
270
271
272
273
274
275
276
277
278
279
280
281
282
283
284
285
286
287
288
0
